0.352083, 1.326393, 0.212121, 4.917292
0.472917, 1.361965, 0.318182, 2.840020
0.545833, 1.155096, 0.272727, 2.772441
0.554167, 1.103094, 0.303030, 1.592070
0.579167, 1.087588, 0.303030, 2.515329
0.575000, 1.096702, 0.530303, 1.118863
0.616667, 1.017445, 0.363636, 1.176174
0.581250, 1.042103, 0.666667, 1.080667
0.641667, 0.978347, 0.621212, 1.050047
0.631250, 1.004279, 0.439394, 1.199943
0.647917, 0.978459, 0.530303, 1.009424
0.627083, 0.993252, 0.621212, 1.045865
0.614583, 0.987978, 0.575758, 1.179905
0.662500, 0.913324, 0.545455, 2.192668
0.627083, 0.933741, 0.530303, 1.177922
0.622917, 0.946831, 0.515152, 1.555463
0.652083, 0.909706, 0.621212, 0.979452
0.660417, 0.919540, 0.515152, 2.039223
0.691667, 0.827452, 0.515152, 1.626459
0.700000, 0.902239, 0.515152, 1.760203
0.695833, 0.883024, 0.515152, 2.634375
0.731250, 0.846956, 0.515152, 1.773890
0.725000, 0.792385, 0.515152, 2.283334
0.743750, 0.780738, 0.530303, 1.627626
0.752083, 0.743786, 0.545455, 1.287127
0.764583, 0.772963, 0.530303, 1.631219
0.775000, 0.740004, 0.515152, 2.214032
0.793750, 0.669874, 0.621212, 1.844195
0.754167, 0.725589, 0.575758, 1.152317
0.804167, 0.664857, 0.530303, 1.551111
0.791667, 0.704539, 0.545455, 1.519964
0.827083, 0.631147, 0.666667, 1.834899
0.791667, 0.682433, 0.590909, 1.486783
0.820833, 0.624826, 0.696970, 1.381929
0.841667, 0.619292, 0.742424, 0.955240
0.822917, 0.620502, 0.712121, 1.485315
0.820833, 0.595065, 0.530303, 1.936343
0.827083, 0.611041, 0.727273, 0.992395
0.829167, 0.567790, 0.712121, 1.727292
0.837500, 0.628077, 0.545455, 4.542869
0.858333, 0.536381, 0.515152, 3.968589
0.833333, 0.594913, 0.606061, 3.139577
0.852083, 0.552996, 0.530303, 4.283464
0.827083, 0.601820, 0.560606, 1.787831
0.825000, 0.603709, 0.560606, 2.994614
0.843750, 0.534020, 0.727273, 1.225960
0.866667, 0.526678, 0.621212, 2.409448
0.870833, 0.518347, 0.636364, 1.686181
0.850000, 0.583499, 0.666667, 3.687529
0.858333, 0.542863, 0.560606, 1.914764
0.847917, 0.553075, 0.681818, 2.014045
0.854167, 0.510290, 0.530303, 1.543684
0.862500, 0.587291, 0.666667, 1.271632
0.877083, 0.482651, 0.439394, 1.886294
0.864583, 0.551114, 0.681818, 2.872689
0.858333, 0.516167, 0.575758, 1.616621
0.870833, 0.498676, 0.757576, 0.941597
0.847917, 0.603499, 0.666667, 3.075284
0.850000, 0.505633, 0.318182, 8.459386
0.877083, 0.534077, 0.742424, 1.235115
0.872917, 0.528090, 0.560606, 1.549522
0.883333, 0.519743, 0.636364, 1.360387
0.847917, 0.516755, 0.590909, 1.489823
0.862500, 0.546163, 0.590909, 1.385311
0.875000, 0.484430, 0.742424, 0.987095
0.889583, 0.490494, 0.742424, 1.408132
0.866667, 0.485023, 0.772727, 0.940160
0.870833, 0.488777, 0.666667, 1.472211
0.860417, 0.495133, 0.803030, 1.054589
0.858333, 0.558583, 0.575758, 2.433997
0.862500, 0.490999, 0.772727, 0.947495
0.891667, 0.467524, 0.636364, 1.649530
0.885417, 0.469964, 0.712121, 1.094114
0.850000, 0.495531, 0.712121, 1.164887
0.895833, 0.467197, 0.712121, 1.447162
0.870833, 0.462667, 0.727273, 1.226781
0.893750, 0.486523, 0.651515, 1.998963
0.868750, 0.482693, 0.439394, 2.037389
0.922917, 0.406434, 0.727273, 1.623440
0.870833, 0.501650, 0.393939, 2.808173
0.858333, 0.511985, 0.621212, 1.681180
0.889583, 0.458375, 0.484848, 2.048146
0.895833, 0.459526, 0.636364, 1.564957
0.887500, 0.464692, 0.742424, 0.838205
0.883333, 0.495065, 0.696970, 1.203680
0.889583, 0.436628, 0.742424, 1.087604
0.883333, 0.473292, 0.712121, 1.137776
0.860417, 0.446697, 0.606061, 2.070257
0.906250, 0.433557, 0.681818, 1.234721
0.883333, 0.479292, 0.530303, 2.208077
0.879167, 0.519700, 0.742424, 1.112744
0.879167, 0.452402, 0.787879, 0.851531
0.916667, 0.408448, 0.681818, 1.832787
0.891667, 0.427648, 0.833333, 0.874879
0.881250, 0.512293, 0.636364, 1.438682
0.885417, 0.442168, 0.727273, 1.006100
0.887500, 0.453894, 0.636364, 1.374167
0.877083, 0.471827, 0.696970, 1.166533
0.904167, 0.411004, 0.833333, 0.815764
0.902083, 0.422946, 0.681818, 1.540756
0.902083, 0.421238, 0.787879, 0.969913
0.891667, 0.443192, 0.651515, 1.530692
0.881250, 0.439736, 0.787879, 1.007468
0.900000, 0.403133, 0.787879, 0.981877
0.854167, 0.589446, 0.696970, 1.493926
0.908333, 0.394789, 0.772727, 1.059811
0.895833, 0.494794, 0.727273, 1.492620
0.900000, 0.403851, 0.772727, 1.155393
0.866667, 0.519917, 0.712121, 1.300479
0.912500, 0.371320, 0.742424, 1.181602
0.889583, 0.405989, 0.757576, 1.102578
0.879167, 0.464242, 0.560606, 1.701995
0.900000, 0.398598, 0.787879, 1.016835
0.879167, 0.517150, 0.621212, 1.499564
0.897917, 0.412695, 0.712121, 1.559382
0.885417, 0.469667, 0.666667, 1.400350
0.893750, 0.398896, 0.681818, 1.829367
0.875000, 0.484855, 0.666667, 1.237849
0.895833, 0.410313, 0.742424, 1.141668
0.877083, 0.504680, 0.712121, 1.164185
0.908333, 0.365093, 0.727273, 1.073667
0.872917, 0.457856, 0.666667, 1.464988
0.893750, 0.415084, 0.712121, 1.155774
0.902083, 0.438722, 0.606061, 1.419500
0.879167, 0.406509, 0.727273, 1.090036
0.881250, 0.455749, 0.772727, 1.135500
0.904167, 0.450304, 0.606061, 1.287111
0.893750, 0.398252, 0.742424, 1.379131
0.862500, 0.458946, 0.681818, 1.811618
0.891667, 0.391675, 0.772727, 1.273709
0.889583, 0.456494, 0.712121, 1.604409
0.895833, 0.467525, 0.727273, 1.202182
0.877083, 0.450527, 0.681818, 1.312067
0.891667, 0.396503, 0.681818, 1.172328
0.868750, 0.443589, 0.636364, 1.388334
0.922917, 0.355179, 0.636364, 1.280300
0.902083, 0.403856, 0.666667, 1.258427
0.891667, 0.417736, 0.621212, 2.588567
0.925000, 0.355442, 0.651515, 3.186118
0.881250, 0.443194, 0.712121, 0.967328
0.914583, 0.366137, 0.666667, 2.647603
0.904167, 0.389241, 0.757576, 0.967102
0.883333, 0.433505, 0.636364, 1.935022
0.910417, 0.379173, 0.772727, 1.062845
0.891667, 0.388593, 0.681818, 1.709533
0.887500, 0.426845, 0.712121, 1.143509
0.916667, 0.353217, 0.757576, 1.596029
0.893750, 0.405121, 0.666667, 1.245549
0.912500, 0.347489, 0.787879, 1.495187
0.883333, 0.439074, 0.696970, 1.158351
0.900000, 0.362548, 0.787879, 1.302029
0.906250, 0.350613, 0.757576, 1.153644
0.904167, 0.387491, 0.681818, 1.044653
0.897917, 0.360426, 0.757576, 1.128957
0.893750, 0.403897, 0.681818, 1.207708
0.920833, 0.344361, 0.757576, 1.163706
0.889583, 0.414883, 0.666667, 1.224834
0.910417, 0.353151, 0.727273, 1.409240
0.910417, 0.388500, 0.636364, 1.444149
0.904167, 0.370419, 0.757576, 1.302244
0.889583, 0.418834, 0.606061, 1.901395
0.908333, 0.365316, 0.757576, 1.011733
0.908333, 0.389949, 0.696970, 1.481561
0.902083, 0.380488, 0.727273, 1.023415
0.900000, 0.379109, 0.696970, 1.465734
0.914583, 0.352052, 0.757576, 1.025600
0.914583, 0.373592, 0.696970, 1.517437
0.893750, 0.371372, 0.727273, 1.115003
0.897917, 0.392804, 0.742424, 1.513721
0.897917, 0.364917, 0.712121, 1.221253
0.875000, 0.430184, 0.757576, 1.536229
0.897917, 0.365712, 0.803030, 1.136382
0.906250, 0.386411, 0.742424, 1.360266
0.908333, 0.347024, 0.787879, 1.144078
0.885417, 0.428466, 0.727273, 2.351923
0.914583, 0.341265, 0.787879, 1.317121
0.912500, 0.341523, 0.787879, 1.262528
0.897917, 0.383344, 0.727273, 1.967153
0.931250, 0.298590, 0.803030, 1.127294
0.891667, 0.397601, 0.727273, 1.804875
0.904167, 0.343953, 0.787879, 1.095035
0.897917, 0.385504, 0.621212, 2.720221
0.908333, 0.348277, 0.787879, 1.237156
0.885417, 0.408198, 0.696970, 1.883118
0.902083, 0.344876, 0.712121, 1.225548
0.902083, 0.385741, 0.727273, 1.742143
0.902083, 0.330983, 0.712121, 1.232431
0.897917, 0.376846, 0.742424, 1.528786
0.893750, 0.368624, 0.727273, 1.017171
0.906250, 0.393326, 0.681818, 1.778453
0.906250, 0.336792, 0.712121, 0.957091
0.895833, 0.387529, 0.621212, 1.985782
0.883333, 0.430049, 0.515152, 2.291650
0.891667, 0.379120, 0.590909, 1.930054
0.881250, 0.440039, 0.545455, 1.981226
0.922917, 0.370426, 0.712121, 1.309123
0.889583, 0.416883, 0.681818, 1.310929
0.916667, 0.365271, 0.727273, 1.038484
0.875000, 0.460073, 0.772727, 0.993105
0.904167, 0.377258, 0.636364, 1.145991
0.902083, 0.415395, 0.787879, 0.925617
0.908333, 0.376508, 0.621212, 1.258141
0.885417, 0.407312, 0.787879, 0.941388
0.908333, 0.384232, 0.621212, 1.278522
0.895833, 0.415709, 0.803030, 0.946742
0.887500, 0.385479, 0.621212, 1.300624
0.860417, 0.435441, 0.803030, 1.005164
0.927083, 0.332168, 0.590909, 1.287424
0.879167, 0.387172, 0.787879, 1.042291
0.912500, 0.371801, 0.772727, 1.037613
0.914583, 0.393602, 0.712121, 1.052472
0.856250, 0.436153, 0.803030, 1.158219
0.893750, 0.434584, 0.696970, 1.060722
0.912500, 0.381043, 0.787879, 1.204458
0.920833, 0.352899, 0.696970, 1.024188
0.879167, 0.388907, 0.772727, 1.121510
0.908333, 0.403794, 0.742424, 1.232629
0.897917, 0.396265, 0.787879, 1.049788
0.904167, 0.379013, 0.712121, 1.419692
0.891667, 0.408601, 0.742424, 0.962430
0.885417, 0.414786, 0.727273, 1.443162
0.875000, 0.401470, 0.742424, 0.947746
0.870833, 0.435405, 0.757576, 1.166656
0.893750, 0.377873, 0.757576, 0.907658
0.914583, 0.361393, 0.742424, 1.061941
0.908333, 0.360612, 0.742424, 0.923437
0.916667, 0.353168, 0.787879, 0.891379
0.883333, 0.392984, 0.712121, 1.074778
0.914583, 0.358821, 0.787879, 0.933264
0.875000, 0.409445, 0.742424, 1.037904
0.900000, 0.354333, 0.787879, 1.039179
0.895833, 0.391878, 0.742424, 0.969311
0.895833, 0.393074, 0.803030, 1.016356
0.883333, 0.406329, 0.742424, 0.942250
0.893750, 0.383238, 0.787879, 1.023561
0.904167, 0.402700, 0.712121, 1.045106
0.922917, 0.364551, 0.787879, 1.030780
0.918750, 0.346686, 0.666667, 1.228552
0.900000, 0.380411, 0.787879, 0.934053
0.900000, 0.370083, 0.727273, 1.282221
0.897917, 0.383184, 0.803030, 0.953838
0.872917, 0.416559, 0.787879, 0.999312
0.906250, 0.343326, 0.727273, 1.233665
0.902083, 0.370736, 0.803030, 1.035930
0.897917, 0.366012, 0.712121, 1.150179
0.912500, 0.336571, 0.818182, 1.096896
0.893750, 0.374379, 0.712121, 1.108605
0.895833, 0.368258, 0.803030, 1.101749
0.904167, 0.367327, 0.712121, 1.124361
0.885417, 0.393123, 0.742424, 1.280961
0.887500, 0.379057, 0.696970, 1.152294
0.927083, 0.318778, 0.727273, 1.486143
0.897917, 0.367829, 0.712121, 1.124726
0.910417, 0.349237, 0.727273, 1.326616
0.929167, 0.328139, 0.712121, 1.132089
0.910417, 0.320585, 0.757576, 1.205627
0.885417, 0.388808, 0.712121, 1.054027
0.887500, 0.367068, 0.787879, 1.168844
0.902083, 0.363032, 0.772727, 1.202306
0.916667, 0.361790, 0.803030, 1.032026
0.891667, 0.380049, 0.772727, 1.120149
0.893750, 0.371548, 0.787879, 1.028429
0.906250, 0.348203, 0.772727, 1.036183
0.912500, 0.337109, 0.772727, 1.075567
0.900000, 0.360894, 0.757576, 0.945153
0.887500, 0.370389, 0.803030, 0.998187
0.900000, 0.366851, 0.772727, 0.940805
0.900000, 0.354608, 0.712121, 1.053195
0.887500, 0.361397, 0.772727, 0.888287
0.912500, 0.374781, 0.742424, 1.013503
0.927083, 0.332078, 0.772727, 0.899178
0.914583, 0.340118, 0.712121, 1.119624
0.904167, 0.346616, 0.772727, 0.944222
0.929167, 0.330673, 0.772727, 0.992736
0.922917, 0.313153, 0.772727, 1.020903
0.895833, 0.362342, 0.742424, 1.034692
0.927083, 0.319969, 0.803030, 1.125076
0.920833, 0.331347, 0.742424, 1.098689
0.939583, 0.317822, 0.772727, 1.201434
0.904167, 0.351232, 0.757576, 1.150717
0.906250, 0.327326, 0.757576, 1.223097
0.931250, 0.302824, 0.727273, 1.086757
0.900000, 0.332171, 0.757576, 1.329950
0.922917, 0.360867, 0.757576, 1.049961
0.904167, 0.354550, 0.742424, 1.457405
0.918750, 0.323317, 0.772727, 1.046350
0.920833, 0.314699, 0.742424, 1.413759
0.922917, 0.321613, 0.727273, 1.130854
0.916667, 0.343073, 0.757576, 1.129492
0.914583, 0.338298, 0.712121, 1.141930
0.922917, 0.323882, 0.772727, 1.030622
0.891667, 0.368552, 0.727273, 1.156040
0.904167, 0.360488, 0.787879, 0.991625
0.914583, 0.328314, 0.742424, 1.134622
0.910417, 0.343288, 0.787879, 0.974877
0.910417, 0.417199, 0.681818, 1.627918
0.918750, 0.326371, 0.757576, 0.953137
0.895833, 0.354387, 0.727273, 1.410824
0.904167, 0.363623, 0.772727, 0.974458
0.895833, 0.361211, 0.787879, 1.058080
0.916667, 0.328502, 0.772727, 1.202198
0.895833, 0.348864, 0.787879, 1.089491
0.902083, 0.346690, 0.727273, 1.198342
0.904167, 0.358027, 0.787879, 1.078750
0.916667, 0.338993, 0.742424, 1.161500
0.904167, 0.343501, 0.787879, 1.082363
0.900000, 0.342008, 0.742424, 1.128486
0.900000, 0.338559, 0.787879, 1.066988
0.906250, 0.367569, 0.757576, 1.226782
0.927083, 0.311819, 0.772727, 1.057427
0.931250, 0.302631, 0.712121, 1.537554
0.908333, 0.346540, 0.787879, 1.042281
0.908333, 0.340447, 0.712121, 1.483919
0.914583, 0.339889, 0.787879, 1.028614
0.912500, 0.328095, 0.787879, 1.023549
0.927083, 0.344117, 0.621212, 1.750055
0.895833, 0.371356, 0.787879, 1.027183
0.906250, 0.387457, 0.636364, 1.624351
0.910417, 0.335752, 0.803030, 1.071396
0.916667, 0.348668, 0.636364, 1.552906
0.906250, 0.339407, 0.772727, 1.071138
0.912500, 0.342106, 0.666667, 1.485035
0.916667, 0.383230, 0.803030, 1.055358
0.906250, 0.345338, 0.803030, 1.073512
0.925000, 0.317391, 0.696970, 1.486561
0.927083, 0.325770, 0.803030, 1.056334
0.910417, 0.360766, 0.742424, 1.526392
0.910417, 0.365960, 0.803030, 1.168714
0.912500, 0.361438, 0.727273, 1.455504
0.914583, 0.349161, 0.772727, 1.419466
0.908333, 0.339391, 0.742424, 1.493621
0.910417, 0.332822, 0.772727, 1.407239
0.904167, 0.360656, 0.742424, 1.371115
0.927083, 0.305763, 0.772727, 1.316547
0.937500, 0.303858, 0.727273, 1.273559
0.889583, 0.360907, 0.757576, 1.244656
0.918750, 0.320682, 0.727273, 1.246803
0.937500, 0.272609, 0.787879, 1.214787
0.910417, 0.318988, 0.772727, 1.253218
0.891667, 0.367920, 0.712121, 1.246562
0.920833, 0.319856, 0.772727, 1.237885
0.900000, 0.365693, 0.727273, 1.164766
0.916667, 0.312552, 0.772727, 1.216892
0.914583, 0.338968, 0.742424, 1.177925
0.914583, 0.357056, 0.772727, 1.184379
0.929167, 0.327739, 0.742424, 1.207331
0.904167, 0.350835, 0.772727, 1.255704
0.914583, 0.322195, 0.742424, 1.157125
0.912500, 0.348717, 0.787879, 1.218368
0.914583, 0.334683, 0.772727, 1.148687
0.927083, 0.317000, 0.772727, 1.218763
0.914583, 0.338816, 0.757576, 1.130789
0.891667, 0.347332, 0.772727, 1.217137
0.910417, 0.389622, 0.772727, 1.143731
0.922917, 0.308169, 0.787879, 1.180603
0.897917, 0.373332, 0.772727, 1.130219
0.956250, 0.265233, 0.787879, 1.135219
0.920833, 0.325089, 0.757576, 1.084604
0.922917, 0.301274, 0.787879, 1.154270
0.920833, 0.323140, 0.772727, 1.064299
0.906250, 0.321711, 0.787879, 1.161172
0.906250, 0.368576, 0.742424, 1.082608
0.922917, 0.283885, 0.787879, 1.135555
0.927083, 0.306071, 0.787879, 1.113837
0.920833, 0.322491, 0.757576, 1.112214
0.910417, 0.354232, 0.757576, 1.283933
0.918750, 0.315654, 0.757576, 1.094975
0.887500, 0.329699, 0.772727, 1.313813
0.920833, 0.308884, 0.772727, 1.125335
0.918750, 0.327571, 0.757576, 1.401870
0.912500, 0.321822, 0.712121, 1.200197
0.925000, 0.296726, 0.757576, 1.416238
0.914583, 0.330530, 0.696970, 1.234915
0.929167, 0.307931, 0.757576, 1.371464
0.935417, 0.306560, 0.757576, 1.223714
0.902083, 0.322307, 0.757576, 1.266943
0.897917, 0.342907, 0.757576, 1.120472
0.916667, 0.327465, 0.727273, 1.315366
0.927083, 0.315085, 0.787879, 1.088637
0.910417, 0.329404, 0.727273, 1.414773
0.906250, 0.314831, 0.742424, 1.525153
0.925000, 0.316505, 0.772727, 1.089490
0.912500, 0.350526, 0.757576, 1.011279
0.916667, 0.322210, 0.681818, 1.354945
0.904167, 0.352703, 0.757576, 1.004667
0.902083, 0.364439, 0.772727, 1.167387
0.922917, 0.331236, 0.787879, 0.960046
0.918750, 0.333051, 0.787879, 1.061440
0.918750, 0.322454, 0.757576, 0.951470
0.900000, 0.336974, 0.787879, 1.003119
0.914583, 0.319934, 0.772727, 0.957912
0.887500, 0.370754, 0.757576, 0.989927
0.922917, 0.316992, 0.803030, 0.978086
0.910417, 0.329643, 0.772727, 1.173141
0.927083, 0.303893, 0.787879, 1.017142
0.929167, 0.321147, 0.772727, 1.247161
0.922917, 0.320938, 0.787879, 1.048974
0.910417, 0.336639, 0.772727, 1.211497
0.935417, 0.307247, 0.787879, 1.091353
0.914583, 0.345550, 0.787879, 1.188909
0.902083, 0.365498, 0.787879, 1.174410
0.925000, 0.300214, 0.772727, 1.090807
0.931250, 0.288124, 0.772727, 1.093922
0.904167, 0.349770, 0.787879, 1.162601
0.887500, 0.374041, 0.787879, 1.150668
0.918750, 0.314862, 0.772727, 1.167690
0.893750, 0.367575, 0.787879, 1.132999
0.922917, 0.315180, 0.712121, 1.248915
0.918750, 0.341587, 0.787879, 1.228400
0.922917, 0.294112, 0.712121, 1.232053
0.906250, 0.339870, 0.787879, 1.257924
0.933333, 0.290188, 0.757576, 1.217613
0.904167, 0.348057, 0.787879, 1.253638
0.943750, 0.274130, 0.757576, 1.227598
0.910417, 0.320768, 0.787879, 1.209115
0.939583, 0.294415, 0.742424, 1.588869
0.887500, 0.361377, 0.787879, 1.170181
0.916667, 0.314629, 0.742424, 1.586022
0.900000, 0.343441, 0.787879, 1.137832
0.908333, 0.341659, 0.772727, 1.145536
0.906250, 0.338483, 0.772727, 0.975466
0.908333, 0.339191, 0.803030, 1.183196
0.916667, 0.321039, 0.787879, 1.015109
0.910417, 0.328122, 0.787879, 1.188325
0.906250, 0.349145, 0.772727, 1.051090
0.916667, 0.331170, 0.772727, 1.227605
0.893750, 0.353377, 0.772727, 1.244577
0.927083, 0.314146, 0.757576, 1.083501
0.893750, 0.373518, 0.772727, 1.216819
0.906250, 0.330931, 0.757576, 1.175553
0.918750, 0.323651, 0.772727, 1.195493
0.918750, 0.333742, 0.757576, 1.214375
0.916667, 0.355160, 0.757576, 1.198060
0.941667, 0.284650, 0.757576, 1.243763
0.939583, 0.296111, 0.757576, 1.195812
0.920833, 0.308524, 0.757576, 1.264238
0.916667, 0.309612, 0.772727, 1.198634
0.895833, 0.342814, 0.772727, 1.167788
0.902083, 0.329999, 0.757576, 1.253433
0.925000, 0.291232, 0.772727, 1.171317
0.904167, 0.338588, 0.787879, 1.215955
0.918750, 0.314261, 0.772727, 1.159707
0.935417, 0.287333, 0.787879, 1.189543
0.931250, 0.315140, 0.772727, 1.135752
0.912500, 0.325623, 0.772727, 1.209605
0.908333, 0.355665, 0.787879, 1.147372
0.895833, 0.325006, 0.787879, 1.235378
0.920833, 0.311445, 0.772727, 1.168497
0.925000, 0.306881, 0.772727, 1.292755
0.929167, 0.302138, 0.772727, 1.151882
0.912500, 0.329224, 0.772727, 1.277178
0.902083, 0.318195, 0.772727, 1.145464
0.914583, 0.321757, 0.787879, 1.204110
0.920833, 0.319762, 0.772727, 1.113018
0.920833, 0.301627, 0.757576, 1.153291
0.908333, 0.324405, 0.757576, 1.061006
0.920833, 0.328413, 0.757576, 1.053284
0.910417, 0.317796, 0.757576, 1.153913
0.902083, 0.331008, 0.772727, 1.076704
0.916667, 0.326527, 0.757576, 1.149010
0.893750, 0.349835, 0.772727, 1.076231
0.935417, 0.296301, 0.757576, 1.139769
0.900000, 0.345578, 0.772727, 1.065449
0.929167, 0.303954, 0.757576, 1.146549
0.922917, 0.317350, 0.772727, 1.115786
0.920833, 0.307622, 0.772727, 1.128138
0.927083, 0.303518, 0.772727, 1.139466
0.916667, 0.316062, 0.757576, 1.152832
0.897917, 0.322892, 0.772727, 1.151671
0.931250, 0.300883, 0.757576, 1.158086
0.927083, 0.331459, 0.787879, 1.201644
0.914583, 0.322434, 0.757576, 1.209516
0.935417, 0.283402, 0.772727, 1.183532
0.931250, 0.296603, 0.757576, 1.222896
0.927083, 0.292680, 0.757576, 1.203281
0.927083, 0.291722, 0.757576, 1.204069
0.925000, 0.320140, 0.757576, 1.263347
0.914583, 0.324491, 0.757576, 1.328677
0.912500, 0.323069, 0.787879, 1.069811
0.927083, 0.302419, 0.742424, 1.331814
0.904167, 0.328948, 0.787879, 1.031819
0.895833, 0.321790, 0.727273, 1.293360
0.912500, 0.325958, 0.787879, 1.046918
0.900000, 0.343939, 0.742424, 1.239715
0.910417, 0.350228, 0.803030, 1.047407
0.939583, 0.276787, 0.772727, 1.214679
0.922917, 0.311716, 0.803030, 1.045137
0.918750, 0.282522, 0.772727, 1.224232
0.937500, 0.303960, 0.803030, 1.048591
0.939583, 0.295265, 0.772727, 1.204818
0.891667, 0.370143, 0.803030, 1.063243
0.908333, 0.352310, 0.803030, 1.063857
0.925000, 0.315799, 0.772727, 1.156157
0.918750, 0.334039, 0.803030, 1.057470
0.908333, 0.312571, 0.772727, 1.184557
0.908333, 0.320770, 0.803030, 1.060474
0.929167, 0.285614, 0.772727, 1.235969
0.918750, 0.306847, 0.787879, 1.072642
0.920833, 0.321132, 0.787879, 1.241931
0.906250, 0.343595, 0.787879, 1.083259
0.935417, 0.282208, 0.772727, 1.233040
0.929167, 0.301397, 0.787879, 1.122714
0.887500, 0.358817, 0.757576, 1.273909
0.908333, 0.332999, 0.787879, 1.120359
0.920833, 0.289372, 0.757576, 1.254660
0.925000, 0.322031, 0.787879, 1.121812
0.914583, 0.311102, 0.787879, 1.106072
0.937500, 0.290892, 0.757576, 1.246465
0.900000, 0.336455, 0.787879, 1.096422
0.920833, 0.319251, 0.757576, 1.234226
0.908333, 0.329283, 0.787879, 1.092089
0.933333, 0.287850, 0.772727, 1.234655
0.931250, 0.315453, 0.787879, 1.086085
0.927083, 0.290477, 0.772727, 1.193724
0.912500, 0.384163, 0.787879, 1.091683
0.920833, 0.315598, 0.787879, 1.157404
0.914583, 0.314929, 0.772727, 1.086095
0.902083, 0.320289, 0.787879, 1.205599
0.906250, 0.309465, 0.772727, 1.083414
0.900000, 0.328908, 0.787879, 1.214372
0.910417, 0.328048, 0.787879, 1.093791
0.910417, 0.339469, 0.757576, 1.243061
0.908333, 0.311291, 0.787879, 1.082210
0.897917, 0.352577, 0.772727, 1.242679
0.906250, 0.344416, 0.787879, 1.094165
0.912500, 0.321077, 0.787879, 1.132054
0.916667, 0.318324, 0.757576, 1.006082
0.943750, 0.284210, 0.787879, 1.134769
0.912500, 0.325134, 0.757576, 1.006939
0.920833, 0.320431, 0.787879, 1.132725
0.922917, 0.318298, 0.787879, 1.119003
0.945833, 0.280461, 0.757576, 1.012065
0.918750, 0.330432, 0.787879, 1.112828
0.927083, 0.292364, 0.772727, 1.003972
0.920833, 0.312123, 0.787879, 1.108715
0.916667, 0.327548, 0.772727, 1.005077
0.902083, 0.337489, 0.787879, 1.115532
0.922917, 0.314663, 0.757576, 1.014436
0.889583, 0.351471, 0.803030, 1.098217
0.906250, 0.337147, 0.757576, 1.029374
0.908333, 0.315125, 0.803030, 1.102752
0.914583, 0.320846, 0.772727, 1.041254
0.941667, 0.260464, 0.803030, 1.099484
0.935417, 0.315331, 0.757576, 1.027437
0.897917, 0.331203, 0.803030, 1.089774
0.922917, 0.305310, 0.803030, 1.094278
0.916667, 0.307768, 0.757576, 1.023353
0.906250, 0.348729, 0.787879, 1.092006
0.927083, 0.297734, 0.757576, 1.033654
0.922917, 0.302538, 0.803030, 1.086233
0.914583, 0.304272, 0.757576, 1.037298
0.889583, 0.349261, 0.787879, 1.102385
0.922917, 0.295100, 0.757576, 1.029970
0.912500, 0.307741, 0.787879, 1.099859
0.918750, 0.313153, 0.757576, 1.037994
0.943750, 0.287971, 0.787879, 1.088335
0.922917, 0.341204, 0.757576, 1.047262
0.914583, 0.311518, 0.787879, 1.089257
0.916667, 0.315154, 0.757576, 1.051166
0.920833, 0.309805, 0.787879, 1.094462
0.902083, 0.338426, 0.757576, 1.061877
0.881250, 0.346746, 0.772727, 1.092959
0.931250, 0.308008, 0.772727, 1.076993
0.897917, 0.340492, 0.772727, 1.103019
0.912500, 0.320590, 0.772727, 1.081371
0.904167, 0.326694, 0.772727, 1.104846
0.889583, 0.357016, 0.772727, 1.082048
0.887500, 0.383442, 0.772727, 1.107890
0.916667, 0.322211, 0.772727, 1.083135
0.914583, 0.310807, 0.772727, 1.108776
0.914583, 0.325302, 0.772727, 1.082155
0.908333, 0.332111, 0.772727, 1.106402
0.933333, 0.317128, 0.772727, 1.089885
0.918750, 0.325227, 0.757576, 1.101477
0.416016, 1.234662, 0.312500, 2.224300
0.908333, 0.336367, 0.772727, 1.118626
0.548828, 1.114237, 0.531250, 1.051005
0.935417, 0.274153, 0.787879, 1.119119
0.580078, 1.071490, 0.312500, 1.653476
0.916667, 0.313651, 0.787879, 1.109473
0.607422, 1.021039, 0.656250, 1.034591
0.935417, 0.298060, 0.787879, 1.100478
0.619141, 1.019396, 0.593750, 1.022589
0.908333, 0.334316, 0.757576, 1.077779
0.642578, 0.960860, 0.515625, 1.278851
0.904167, 0.309167, 0.742424, 1.083168
0.667969, 0.922779, 0.546875, 1.233805
0.912500, 0.328204, 0.757576, 1.107285
0.677734, 0.900379, 0.531250, 1.290569
0.908333, 0.314681, 0.757576, 1.119587
0.705078, 0.849205, 0.500000, 2.882406
0.922917, 0.302621, 0.757576, 1.131694
0.687500, 0.863441, 0.500000, 2.681301
0.914583, 0.318800, 0.742424, 1.133509
0.732422, 0.778187, 0.531250, 1.462727
0.929167, 0.289348, 0.772727, 1.129900
0.761719, 0.771214, 0.546875, 1.374614
0.761719, 0.766974, 0.531250, 1.292193
0.912500, 0.338505, 0.757576, 1.148685
0.796875, 0.677903, 0.500000, 3.156392
0.939583, 0.278791, 0.757576, 1.149377
0.824219, 0.664243, 0.437500, 1.420737
0.910417, 0.305022, 0.742424, 1.132866
0.800781, 0.650802, 0.625000, 1.137548
0.918750, 0.310604, 0.772727, 1.092272
0.826172, 0.602761, 0.546875, 1.143603
0.910417, 0.322687, 0.772727, 1.087062
0.820312, 0.630258, 0.578125, 1.371628
0.906250, 0.336852, 0.757576, 1.086304
0.830078, 0.619698, 0.640625, 1.137126
0.889583, 0.363430, 0.757576, 1.131095
0.861328, 0.568832, 0.609375, 1.402399
0.927083, 0.294741, 0.757576, 1.151320
0.880859, 0.544339, 0.687500, 1.036095
0.933333, 0.301927, 0.757576, 1.144719
0.855469, 0.571722, 0.609375, 1.505901
0.943750, 0.278338, 0.757576, 1.140387
0.878906, 0.563195, 0.703125, 1.069182
0.918750, 0.285657, 0.772727, 1.134074
0.865234, 0.546484, 0.625000, 1.070274
0.925000, 0.286832, 0.772727, 1.151016
0.869141, 0.571928, 0.656250, 1.248797
0.935417, 0.281484, 0.772727, 1.164267
0.898438, 0.495321, 0.703125, 1.351861
0.925000, 0.305501, 0.772727, 1.157111
0.906250, 0.490948, 0.687500, 1.191768
0.927083, 0.291016, 0.772727, 1.172691
0.894531, 0.464441, 0.718750, 1.013162
0.888672, 0.462245, 0.781250, 0.775822
0.873047, 0.485475, 0.781250, 0.792041
0.478516, 1.170898, 0.203125, 2.504362
0.888672, 0.451402, 0.765625, 1.022867
0.550781, 1.066382, 0.203125, 1.587894
0.910156, 0.456565, 0.671875, 1.569894
0.583984, 1.063928, 0.656250, 0.989409
0.882812, 0.470048, 0.671875, 1.486007
0.599609, 0.999998, 0.500000, 1.291183
0.878906, 0.505088, 0.640625, 1.260771
0.593750, 1.011790, 0.500000, 1.489312
0.912109, 0.461168, 0.578125, 1.779174
0.630859, 0.926662, 0.578125, 1.031211
0.923828, 0.432856, 0.703125, 1.600288
0.619141, 0.962698, 0.531250, 1.655414
0.916016, 0.440356, 0.718750, 1.399229
0.882812, 0.497527, 0.796875, 0.987745
0.673828, 0.886077, 0.515625, 2.138750
0.900391, 0.429186, 0.750000, 1.218128
0.656250, 0.876293, 0.500000, 2.476525
0.892578, 0.486639, 0.765625, 0.869353
0.710938, 0.791354, 0.515625, 1.637936
0.900391, 0.460857, 0.640625, 1.304445
0.695312, 0.853462, 0.671875, 0.987893
0.892578, 0.465196, 0.656250, 1.357044
0.722656, 0.807357, 0.500000, 1.138070
0.917969, 0.424579, 0.656250, 1.859920
0.693359, 0.813449, 0.578125, 1.196200
0.875000, 0.544654, 0.796875, 0.957730
0.738281, 0.740377, 0.500000, 1.900295
0.898438, 0.468013, 0.750000, 0.941616
0.919922, 0.426592, 0.703125, 1.070123
0.775391, 0.700571, 0.578125, 1.003033
0.902344, 0.473211, 0.625000, 1.114181
0.800781, 0.636373, 0.593750, 2.249150
0.884766, 0.482921, 0.593750, 1.153837
0.779297, 0.655986, 0.828125, 0.813022
0.896484, 0.480775, 0.500000, 1.601920
0.814453, 0.607043, 0.500000, 4.022443
0.908203, 0.413070, 0.609375, 1.232752
0.791016, 0.675369, 0.656250, 1.255821
0.820312, 0.688924, 0.750000, 0.825758
0.904297, 0.424034, 0.453125, 3.231190
0.859375, 0.554449, 0.609375, 1.980490
0.900391, 0.432735, 0.578125, 2.284209
0.894531, 0.427200, 0.687500, 1.552786
0.851562, 0.567657, 0.734375, 1.037518
0.921875, 0.388732, 0.796875, 0.911366
0.824219, 0.638228, 0.781250, 1.000426
0.921875, 0.388671, 0.796875, 0.841509
0.863281, 0.570857, 0.734375, 1.513353
0.925781, 0.382244, 0.781250, 0.857353
0.863281, 0.595266, 0.437500, 1.837817
0.900391, 0.408213, 0.765625, 1.002041
0.875000, 0.563278, 0.500000, 8.203155
0.925781, 0.388552, 0.750000, 1.017356
0.906250, 0.400718, 0.734375, 1.003660
0.876953, 0.544929, 0.609375, 2.808471
0.914062, 0.383785, 0.765625, 0.891199
0.865234, 0.585103, 0.359375, 1.874328
0.904297, 0.420707, 0.687500, 0.916180
0.833984, 0.661193, 0.656250, 1.001043
0.916016, 0.385817, 0.734375, 0.872228
0.857422, 0.585943, 0.531250, 1.641972
0.921875, 0.382837, 0.796875, 0.819187
0.871094, 0.571720, 0.593750, 1.319014
0.916016, 0.392036, 0.734375, 1.053063
0.878906, 0.601383, 0.765625, 1.057535
0.931641, 0.353664, 0.703125, 1.216785
0.869141, 0.572679, 0.718750, 1.024076
0.921875, 0.380452, 0.734375, 1.119709
0.884766, 0.601544, 0.531250, 4.687314
0.925781, 0.381501, 0.765625, 0.914581
0.861328, 0.576877, 0.421875, 2.922969
0.923828, 0.357695, 0.812500, 0.954860
0.882812, 0.573374, 0.687500, 1.175957
0.929688, 0.371594, 0.765625, 0.924251
0.910156, 0.501119, 0.578125, 1.784393
0.902344, 0.392425, 0.765625, 1.078886
0.871094, 0.594987, 0.750000, 1.042375
0.908203, 0.392718, 0.765625, 1.075671
0.876953, 0.570952, 0.734375, 0.980107
0.912109, 0.376102, 0.765625, 0.840314
0.906250, 0.481676, 0.734375, 0.893936
0.910156, 0.392877, 0.734375, 0.749957
0.902344, 0.388364, 0.718750, 0.891559
0.882812, 0.522880, 0.703125, 0.957981
0.900391, 0.456196, 0.796875, 0.770695
0.904297, 0.495275, 0.578125, 1.253334
0.929688, 0.340214, 0.390625, 3.762987
0.902344, 0.498517, 0.671875, 1.036363
0.929688, 0.342227, 0.812500, 0.768979
0.904297, 0.495082, 0.656250, 1.185264
0.902344, 0.378956, 0.828125, 0.735008
0.855469, 0.607292, 0.765625, 1.639311
0.921875, 0.363138, 0.796875, 0.732117
0.902344, 0.470659, 0.640625, 2.134321
0.941406, 0.300769, 0.843750, 0.755317
0.876953, 0.529675, 0.656250, 1.907459
0.931641, 0.319950, 0.750000, 0.794174
0.886719, 0.507562, 0.734375, 1.334459
0.923828, 0.346762, 0.734375, 0.882279
0.914062, 0.478192, 0.796875, 0.935332
0.919922, 0.351963, 0.796875, 0.970956
0.910156, 0.380331, 0.687500, 1.392932
0.896484, 0.516043, 0.796875, 0.933505
0.914062, 0.360753, 0.640625, 1.626704
0.910156, 0.367592, 0.781250, 1.054611
0.830078, 0.569472, 0.250000, 1.550892
0.906250, 0.357122, 0.812500, 1.045805
0.800781, 0.603234, 0.453125, 1.214448
0.931641, 0.325555, 0.796875, 1.075389
0.779297, 0.611132, 0.609375, 0.994272
0.945312, 0.294840, 0.796875, 0.970772
0.828125, 0.549109, 0.718750, 0.953038
0.917969, 0.359129, 0.828125, 0.906374
0.798828, 0.581841, 0.781250, 0.861805
0.914062, 0.367349, 0.796875, 1.093380
0.824219, 0.562599, 0.609375, 1.403328
0.947266, 0.297349, 0.734375, 1.281595
0.832031, 0.589052, 0.625000, 1.074166
0.912109, 0.360711, 0.750000, 1.291801
0.849609, 0.534397, 0.734375, 1.093134
0.941406, 0.287912, 0.796875, 0.989061
0.919922, 0.345629, 0.781250, 0.904852
0.869141, 0.506359, 0.765625, 0.958439
0.917969, 0.332502, 0.796875, 0.866858
0.871094, 0.532636, 0.703125, 1.028886
0.923828, 0.323922, 0.812500, 0.790824
0.900391, 0.468412, 0.375000, 2.016395
0.919922, 0.336911, 0.812500, 0.739707
0.916016, 0.445151, 0.656250, 1.468509
0.916016, 0.354452, 0.796875, 1.020669
0.898438, 0.462330, 0.734375, 1.163034
0.916016, 0.329046, 0.734375, 1.156534
0.888672, 0.483470, 0.671875, 1.238128
0.921875, 0.352951, 0.703125, 1.277326
0.867188, 0.496783, 0.734375, 1.098011
0.941406, 0.315395, 0.718750, 1.103747
0.884766, 0.455509, 0.671875, 0.913842
0.892578, 0.398167, 0.734375, 0.932830
0.896484, 0.458217, 0.812500, 0.982342
0.910156, 0.348610, 0.750000, 0.888314
0.882812, 0.482661, 0.781250, 1.028556
0.933594, 0.322878, 0.781250, 0.734871
0.900391, 0.440393, 0.515625, 3.377811
0.910156, 0.368300, 0.812500, 0.731334
0.855469, 0.549598, 0.843750, 0.815180
0.949219, 0.291382, 0.796875, 0.747634
0.933594, 0.313945, 0.765625, 0.761975
0.908203, 0.436138, 0.656250, 1.340535
0.941406, 0.318053, 0.765625, 0.827263
0.888672, 0.445646, 0.390625, 2.477620
0.939453, 0.296264, 0.781250, 0.877554
0.884766, 0.493491, 0.546875, 1.598460
0.919922, 0.329054, 0.781250, 0.892574
0.902344, 0.420671, 0.312500, 2.922872
0.943359, 0.301414, 0.781250, 0.877479
0.912109, 0.435710, 0.562500, 2.915379
0.921875, 0.320869, 0.765625, 0.883799
0.927734, 0.329685, 0.734375, 0.901643
0.904297, 0.467283, 0.562500, 1.396400
0.931641, 0.313799, 0.765625, 0.902385
0.902344, 0.414670, 0.781250, 1.262781
0.933594, 0.310769, 0.781250, 0.881403
0.912109, 0.408175, 0.734375, 1.383388
0.917969, 0.336753, 0.796875, 0.913984
0.894531, 0.428102, 0.531250, 1.655449
0.931641, 0.318566, 0.796875, 0.912033
0.882812, 0.463134, 0.609375, 1.314448
0.906250, 0.343089, 0.750000, 0.918693
0.927734, 0.325703, 0.765625, 0.972107
0.906250, 0.407440, 0.718750, 1.625308
0.906250, 0.395238, 0.796875, 0.998544
0.896484, 0.403841, 0.765625, 1.567573
0.941406, 0.278760, 0.750000, 1.077300
0.904297, 0.383389, 0.812500, 1.053169
0.921875, 0.326396, 0.781250, 1.022877
0.890625, 0.426737, 0.843750, 1.028497
0.939453, 0.299838, 0.765625, 1.009080
0.884766, 0.461361, 0.750000, 0.976043
0.931641, 0.296380, 0.765625, 1.010321
0.929688, 0.308955, 0.796875, 1.095366
0.908203, 0.403874, 0.718750, 0.988290
0.933594, 0.302302, 0.781250, 1.092597
0.910156, 0.402001, 0.593750, 2.373635
0.931641, 0.284899, 0.796875, 0.956027
0.900391, 0.406135, 0.687500, 1.474281
0.951172, 0.264388, 0.765625, 0.899853
0.896484, 0.481320, 0.328125, 3.312239
0.949219, 0.255381, 0.750000, 0.876071
0.890625, 0.430227, 0.312500, 4.714850
0.929688, 0.290748, 0.781250, 0.843147
0.923828, 0.298355, 0.781250, 0.844923
0.875000, 0.500376, 0.328125, 5.463924
0.929688, 0.292384, 0.609375, 1.541300
0.919922, 0.382469, 0.781250, 1.054894
0.955078, 0.254915, 0.500000, 2.068786
0.904297, 0.407139, 0.750000, 1.359136
0.925781, 0.295934, 0.562500, 1.962942
0.912109, 0.396347, 0.687500, 1.046283
0.931641, 0.299211, 0.625000, 1.493501
0.884766, 0.459095, 0.703125, 1.022443
0.929688, 0.286512, 0.687500, 1.140613
0.898438, 0.426683, 0.437500, 1.996006
0.935547, 0.290260, 0.578125, 1.644578
0.933594, 0.296496, 0.640625, 1.472565
0.902344, 0.444311, 0.578125, 4.220981
0.916016, 0.296171, 0.687500, 1.279837
0.892578, 0.438788, 0.562500, 5.037966
0.919922, 0.304246, 0.734375, 1.053246
0.882812, 0.450611, 0.640625, 3.587412
0.925781, 0.313229, 0.734375, 1.004186
0.908203, 0.387777, 0.718750, 1.952407
0.923828, 0.302812, 0.812500, 1.079009
0.914062, 0.295978, 0.828125, 1.130118
0.894531, 0.444650, 0.718750, 0.955034
0.931641, 0.280383, 0.796875, 1.120895
0.896484, 0.429678, 0.703125, 1.619117
0.919922, 0.300278, 0.796875, 1.099938
0.882812, 0.456316, 0.734375, 1.021086
0.935547, 0.276648, 0.796875, 1.071665
0.894531, 0.430475, 0.812500, 0.860800
0.914062, 0.321210, 0.796875, 1.046074
0.890625, 0.438313, 0.828125, 0.772653
0.908203, 0.330820, 0.796875, 1.290104
0.908203, 0.443888, 0.796875, 1.146120
0.923828, 0.289031, 0.796875, 1.292782
0.900391, 0.410681, 0.812500, 0.817537
0.912109, 0.402459, 0.843750, 0.744937
0.927734, 0.313137, 0.750000, 0.916254
0.894531, 0.400023, 0.828125, 0.836164
0.923828, 0.321902, 0.765625, 0.965379
0.904297, 0.406178, 0.750000, 1.218418
0.937500, 0.264738, 0.750000, 1.061493
0.933594, 0.282841, 0.718750, 1.021744
0.888672, 0.426463, 0.671875, 1.557879
0.900391, 0.349133, 0.734375, 1.023136
0.908203, 0.423064, 0.734375, 1.245648
0.908203, 0.408377, 0.718750, 0.878393
0.937500, 0.286102, 0.734375, 1.074349
0.923828, 0.305290, 0.718750, 1.076010
0.894531, 0.402166, 0.718750, 0.911855
0.939453, 0.258549, 0.734375, 0.989147
0.890625, 0.416022, 0.734375, 0.844980
0.937500, 0.262665, 0.750000, 0.911650
0.914062, 0.404497, 0.796875, 0.842141
0.929688, 0.282870, 0.750000, 0.902361
0.902344, 0.445204, 0.796875, 0.804802
0.945312, 0.256337, 0.734375, 0.889041
0.906250, 0.398505, 0.765625, 0.838723
0.945312, 0.245653, 0.734375, 0.867429
0.898438, 0.397221, 0.796875, 0.857012
0.931641, 0.296711, 0.765625, 0.884937
0.923828, 0.368058, 0.781250, 0.892282
0.931641, 0.288752, 0.734375, 0.916544
0.896484, 0.392884, 0.781250, 1.024325
0.927734, 0.285271, 0.750000, 0.856814
0.908203, 0.376121, 0.781250, 1.145027
0.949219, 0.245117, 0.796875, 0.808523
0.902344, 0.384345, 0.859375, 0.822646
0.916016, 0.301742, 0.781250, 0.798499
0.921875, 0.343349, 0.812500, 0.788482
0.917969, 0.301073, 0.781250, 0.813372
0.890625, 0.391266, 0.734375, 0.890391
0.937500, 0.270522, 0.781250, 0.819751
0.906250, 0.377406, 0.796875, 0.867823
0.929688, 0.279471, 0.796875, 0.824518
0.898438, 0.384983, 0.781250, 1.068201
0.935547, 0.258812, 0.796875, 0.849322
0.929688, 0.342473, 0.734375, 1.353300
0.916016, 0.296497, 0.781250, 0.854883
0.892578, 0.385178, 0.796875, 1.048406
0.931641, 0.282986, 0.796875, 0.852317
0.933594, 0.272910, 0.765625, 0.855213
0.900391, 0.365373, 0.671875, 1.128769
0.933594, 0.268150, 0.750000, 0.841672
0.914062, 0.363999, 0.734375, 1.122279
0.933594, 0.265337, 0.765625, 0.835281
0.900391, 0.392962, 0.671875, 1.045856
0.931641, 0.256240, 0.750000, 0.839141
0.876953, 0.431246, 0.812500, 0.962115
0.937500, 0.253184, 0.750000, 0.852612
0.917969, 0.375993, 0.390625, 2.393485
0.917969, 0.303520, 0.765625, 0.894944
0.927734, 0.341763, 0.515625, 1.643665
0.931641, 0.268287, 0.765625, 0.920681
0.919922, 0.348825, 0.828125, 0.887345
0.943359, 0.247857, 0.781250, 0.912845
0.892578, 0.373199, 0.703125, 1.575554
0.929688, 0.264489, 0.781250, 0.935615
0.917969, 0.352565, 0.843750, 1.004221
0.951172, 0.239869, 0.765625, 0.957105
0.904297, 0.365414, 0.843750, 0.963499
0.923828, 0.283485, 0.781250, 0.913987
0.935547, 0.321339, 0.843750, 0.969568
0.927734, 0.278688, 0.796875, 0.884214
0.900391, 0.375585, 0.671875, 2.781673
0.945312, 0.251517, 0.765625, 0.894334
0.935547, 0.250731, 0.781250, 0.899541
0.919922, 0.345305, 0.578125, 3.431935
0.937500, 0.254189, 0.750000, 0.885302
0.916016, 0.338886, 0.671875, 2.187854
0.919922, 0.291655, 0.718750, 0.865834
0.914062, 0.332603, 0.750000, 1.515367
0.945312, 0.244961, 0.718750, 0.881853
0.910156, 0.345785, 0.796875, 1.021072
0.937500, 0.258116, 0.781250, 0.828360
0.914062, 0.341271, 0.796875, 0.902504
0.935547, 0.253533, 0.781250, 0.839501
0.900391, 0.359596, 0.828125, 0.887943
0.935547, 0.264669, 0.781250, 0.862911
0.906250, 0.349287, 0.765625, 0.912342
0.914062, 0.301655, 0.781250, 0.845684
0.892578, 0.365442, 0.781250, 0.914138
0.929688, 0.273535, 0.781250, 0.841512
0.923828, 0.321761, 0.812500, 1.020137
0.949219, 0.233636, 0.781250, 0.852096
0.900391, 0.328111, 0.765625, 0.832024
0.914062, 0.363036, 0.828125, 0.956562
0.945312, 0.239046, 0.781250, 0.838441
0.900391, 0.383127, 0.812500, 0.809115
0.908203, 0.304797, 0.765625, 0.840111
0.902344, 0.380201, 0.828125, 0.830102
0.945312, 0.233103, 0.765625, 0.838645
0.894531, 0.389057, 0.828125, 0.849652
0.925781, 0.355582, 0.828125, 0.896459
0.941406, 0.247211, 0.765625, 1.203549
0.882812, 0.411286, 0.765625, 1.006925
0.931641, 0.272348, 0.765625, 1.048410
0.902344, 0.363158, 0.781250, 0.793127
0.955078, 0.239016, 0.796875, 0.965106
0.910156, 0.367270, 0.796875, 0.765662
0.923828, 0.299051, 0.765625, 0.906666
0.906250, 0.365835, 0.828125, 0.774390
0.933594, 0.287547, 0.765625, 0.848735
0.923828, 0.292492, 0.765625, 0.844882
0.892578, 0.381389, 0.796875, 0.956454
0.914062, 0.302698, 0.765625, 0.846784
0.914062, 0.355064, 0.796875, 1.018082
0.931641, 0.266001, 0.765625, 0.851002
0.908203, 0.362504, 0.781250, 0.865279
0.933594, 0.253793, 0.750000, 0.846780
0.919922, 0.349192, 0.796875, 0.776990
0.953125, 0.249244, 0.765625, 0.870012
0.898438, 0.373189, 0.796875, 0.772074
0.927734, 0.273963, 0.750000, 0.878780
0.908203, 0.361156, 0.796875, 1.026801
0.951172, 0.235654, 0.781250, 0.895072
0.935547, 0.344059, 0.734375, 1.502518
0.945312, 0.246210, 0.781250, 0.890880
0.925781, 0.345501, 0.718750, 1.639028
0.900391, 0.325461, 0.765625, 0.882978
0.904297, 0.358821, 0.812500, 0.836090
0.937500, 0.266784, 0.765625, 0.862282
0.912109, 0.387213, 0.843750, 0.720136
0.941406, 0.255714, 0.734375, 0.861171
0.916016, 0.347411, 0.609375, 1.533161
0.939453, 0.257323, 0.750000, 0.868052
0.914062, 0.352835, 0.781250, 0.871033
0.935547, 0.277548, 0.765625, 0.869389
0.925781, 0.352503, 0.828125, 0.960402
0.943359, 0.248354, 0.765625, 0.873755
0.908203, 0.359364, 0.734375, 1.611811
0.939453, 0.252654, 0.765625, 0.876270
0.923828, 0.319483, 0.750000, 1.453318
0.929688, 0.275123, 0.781250, 0.873129
0.892578, 0.365280, 0.765625, 1.158309
0.923828, 0.283957, 0.765625, 0.872332
0.904297, 0.349481, 0.843750, 1.000725
0.949219, 0.244820, 0.765625, 0.866204
0.919922, 0.341484, 0.843750, 1.029336
0.931641, 0.264418, 0.765625, 0.857687
0.884766, 0.381727, 0.859375, 0.975356
0.947266, 0.249311, 0.781250, 0.857570
0.910156, 0.363848, 0.843750, 0.809394
0.939453, 0.248025, 0.781250, 0.871839
0.906250, 0.381946, 0.687500, 0.972956
0.923828, 0.274631, 0.781250, 0.858480
0.906250, 0.346245, 0.765625, 0.846373
0.931641, 0.264757, 0.796875, 0.875998
0.916016, 0.339407, 0.828125, 0.869851
0.949219, 0.226611, 0.781250, 0.891791
0.908203, 0.353191, 0.671875, 2.040876
0.939453, 0.275539, 0.765625, 0.885079
0.917969, 0.332015, 0.734375, 1.924850
0.925781, 0.269374, 0.765625, 0.869287
0.919922, 0.336023, 0.781250, 1.210714
0.923828, 0.268050, 0.781250, 0.854592
0.908203, 0.335596, 0.843750, 1.046764
0.923828, 0.283346, 0.765625, 0.853548
0.937500, 0.246034, 0.765625, 0.856338
0.925781, 0.331748, 0.843750, 0.822802
0.925781, 0.314166, 0.828125, 0.844166
0.939453, 0.247196, 0.781250, 0.857035
0.896484, 0.368770, 0.796875, 0.850444
0.921875, 0.283028, 0.781250, 0.850624
0.917969, 0.275928, 0.765625, 0.845003
0.921875, 0.308379, 0.781250, 0.883403
0.957031, 0.214010, 0.765625, 0.845299
0.914062, 0.335774, 0.828125, 0.845814
0.923828, 0.274605, 0.765625, 0.849050
0.925781, 0.314774, 0.812500, 0.822948
0.925781, 0.267584, 0.734375, 0.847265
0.912109, 0.338630, 0.843750, 0.999592
0.943359, 0.228306, 0.750000, 0.852281
0.923828, 0.307248, 0.843750, 1.065203
0.935547, 0.248650, 0.750000, 0.857376
0.933594, 0.322064, 0.765625, 1.901902
0.925781, 0.262894, 0.750000, 0.862736
0.921875, 0.317597, 0.765625, 1.937028
0.925781, 0.272419, 0.734375, 0.870364
0.917969, 0.309860, 0.781250, 1.798184
0.931641, 0.251992, 0.734375, 0.872958
0.916016, 0.322768, 0.750000, 1.808274
0.943359, 0.240291, 0.734375, 0.871605
0.914062, 0.319019, 0.812500, 1.232245
0.933594, 0.252565, 0.750000, 0.869493
0.917969, 0.315537, 0.828125, 1.113952
0.912109, 0.297526, 0.750000, 0.871620
0.935547, 0.262387, 0.734375, 0.877916
0.912109, 0.340875, 0.812500, 0.749609
0.929688, 0.275608, 0.734375, 0.880104
0.896484, 0.372378, 0.843750, 0.748870
0.916016, 0.329628, 0.843750, 0.748934
0.939453, 0.285616, 0.734375, 1.279580
0.908203, 0.354803, 0.843750, 0.721529
0.923828, 0.305890, 0.750000, 1.218990
0.943359, 0.306574, 0.843750, 0.706399
0.943359, 0.253836, 0.750000, 1.110375
0.916016, 0.324630, 0.843750, 0.712645
0.931641, 0.264784, 0.750000, 1.035139
0.927734, 0.311554, 0.843750, 0.722876
0.916016, 0.304428, 0.765625, 0.972690
0.925781, 0.280648, 0.734375, 0.957890
0.890625, 0.366717, 0.859375, 0.781691
0.925781, 0.315950, 0.750000, 1.004712
0.919922, 0.329213, 0.796875, 0.904567
0.927734, 0.283946, 0.750000, 0.972329
0.917969, 0.331915, 0.796875, 0.955899
0.927734, 0.273901, 0.734375, 0.938123
0.927734, 0.299734, 0.828125, 0.919434
0.939453, 0.254506, 0.734375, 0.903320
0.906250, 0.351421, 0.828125, 0.931002
0.931641, 0.281331, 0.765625, 0.885777
0.906250, 0.349887, 0.828125, 0.871521
0.931641, 0.281688, 0.781250, 0.884461
0.906250, 0.329030, 0.843750, 0.801931
0.949219, 0.238190, 0.781250, 0.872007
0.919922, 0.320286, 0.828125, 0.804276
0.925781, 0.270283, 0.781250, 0.863304
0.914062, 0.321749, 0.812500, 0.817896
0.908203, 0.306600, 0.765625, 0.855231
0.910156, 0.344717, 0.843750, 0.811240
0.912109, 0.320042, 0.781250, 0.853746
0.916016, 0.329839, 0.828125, 0.829776
0.955078, 0.234242, 0.765625, 0.852013
0.914062, 0.321842, 0.859375, 0.876954
0.943359, 0.245752, 0.781250, 0.852715
0.912109, 0.335582, 0.796875, 0.819977
0.929688, 0.274403, 0.781250, 0.855386
0.908203, 0.336049, 0.796875, 0.798250
0.931641, 0.284311, 0.781250, 0.856779
0.919922, 0.320355, 0.828125, 0.772788
0.910156, 0.313278, 0.781250, 0.867462
0.904297, 0.341622, 0.859375, 0.779304
0.929688, 0.269996, 0.781250, 0.863739
0.919922, 0.315445, 0.859375, 0.801763
0.937500, 0.244868, 0.781250, 0.861654
0.937500, 0.288371, 0.859375, 0.804686
0.943359, 0.247494, 0.765625, 0.853302
0.927734, 0.269563, 0.781250, 0.847211
0.912109, 0.322678, 0.859375, 0.791877
0.931641, 0.270320, 0.781250, 0.843732
0.917969, 0.314972, 0.859375, 0.791057
0.923828, 0.289007, 0.781250, 0.845213
0.917969, 0.317821, 0.843750, 0.858589
0.937500, 0.246892, 0.781250, 0.843938
0.906250, 0.342343, 0.812500, 1.009469
0.931641, 0.268424, 0.765625, 0.846359
0.894531, 0.346502, 0.781250, 1.069815
0.910156, 0.303261, 0.765625, 0.855820
0.916016, 0.313289, 0.765625, 1.122031
0.939453, 0.252255, 0.765625, 0.859932
0.898438, 0.340221, 0.781250, 1.175360
0.939453, 0.250008, 0.765625, 0.850682
0.923828, 0.307519, 0.781250, 1.173942
0.919922, 0.286652, 0.765625, 0.846347
0.908203, 0.324774, 0.765625, 1.131651
0.949219, 0.231608, 0.765625, 0.840691
0.945312, 0.288295, 0.812500, 1.001443
0.919922, 0.282754, 0.765625, 0.836258
0.925781, 0.303160, 0.828125, 0.882103
0.931641, 0.260833, 0.765625, 0.836299
0.929688, 0.295028, 0.843750, 0.856742
0.935547, 0.254840, 0.781250, 0.836781
0.921875, 0.295319, 0.843750, 0.917189
0.945312, 0.236450, 0.765625, 0.838973
0.884766, 0.378570, 0.828125, 1.018758
0.902344, 0.316548, 0.750000, 0.851131
0.919922, 0.315096, 0.828125, 1.022094
0.929688, 0.283492, 0.750000, 0.852770
0.914062, 0.336991, 0.781250, 1.382176
0.925781, 0.286193, 0.750000, 0.841413
0.935547, 0.290265, 0.750000, 1.442263
0.933594, 0.258335, 0.750000, 0.831771
0.906250, 0.318381, 0.828125, 1.108068
0.939453, 0.243683, 0.750000, 0.828639
0.912109, 0.302033, 0.859375, 0.827096
0.921875, 0.281621, 0.750000, 0.829912
0.927734, 0.284964, 0.828125, 0.809521
0.935547, 0.248406, 0.750000, 0.836564
0.929688, 0.293078, 0.859375, 0.791670
0.904297, 0.307800, 0.750000, 0.844753
0.925781, 0.298227, 0.859375, 0.804492
0.935547, 0.262748, 0.750000, 0.834828
0.919922, 0.318161, 0.859375, 0.806291
0.927734, 0.289448, 0.750000, 0.832786
0.896484, 0.327348, 0.859375, 0.813212
0.937500, 0.248304, 0.750000, 0.832671
0.943359, 0.231278, 0.750000, 0.830270
0.912109, 0.311233, 0.859375, 0.817696
0.904297, 0.336720, 0.843750, 0.792797
0.453125, 1.248023, 0.453125, 1.100508
0.886719, 0.377341, 0.843750, 0.798164
0.572266, 1.082655, 0.625000, 1.192815
0.906250, 0.335609, 0.843750, 0.800181
0.601562, 1.028724, 0.468750, 1.132858
0.925781, 0.331660, 0.859375, 0.814794
0.585938, 1.060180, 0.625000, 1.073813
0.919922, 0.317019, 0.859375, 0.810762
0.628906, 0.950928, 0.468750, 1.237582
0.910156, 0.350288, 0.828125, 0.833956
0.609375, 0.967629, 0.531250, 1.372762
0.912109, 0.319098, 0.843750, 0.826425
0.626953, 0.942337, 0.625000, 0.977800
0.914062, 0.339177, 0.859375, 0.847629
0.634766, 0.954129, 0.500000, 2.871335
0.910156, 0.334613, 0.859375, 0.861207
0.685547, 0.842694, 0.640625, 0.992297
0.908203, 0.340654, 0.859375, 0.861172
0.662109, 0.824414, 0.593750, 1.132016
0.732422, 0.777869, 0.500000, 3.975288
0.906250, 0.336366, 0.859375, 0.840957
0.718750, 0.743546, 0.500000, 1.629794
0.919922, 0.315097, 0.843750, 0.830732
0.728516, 0.689053, 0.718750, 1.181818
0.917969, 0.314897, 0.859375, 0.826570
0.751953, 0.653708, 0.625000, 1.407595
0.925781, 0.321362, 0.875000, 0.895993
0.792969, 0.621884, 0.515625, 1.763912
0.919922, 0.329585, 0.812500, 0.988184
0.792969, 0.628469, 0.500000, 4.780042
0.902344, 0.388761, 0.781250, 1.249050
0.800781, 0.593987, 0.562500, 3.652814
0.898438, 0.346596, 0.781250, 1.252067
0.853516, 0.556784, 0.609375, 3.057673
0.904297, 0.344705, 0.812500, 1.103531
0.841797, 0.584339, 0.781250, 1.393637
0.921875, 0.314505, 0.859375, 0.873801
0.830078, 0.604690, 0.593750, 1.246453
0.923828, 0.301628, 0.859375, 0.855579
0.826172, 0.641201, 0.640625, 1.216118
0.939453, 0.289806, 0.859375, 0.858094
0.869141, 0.541835, 0.343750, 3.069805
0.849609, 0.573126, 0.671875, 1.290286
0.941406, 0.270225, 0.859375, 0.894341
0.863281, 0.579733, 0.734375, 1.735072
0.917969, 0.326777, 0.859375, 0.873581
0.873047, 0.526559, 0.750000, 0.960806
0.908203, 0.323689, 0.859375, 0.885783
0.875000, 0.547867, 0.703125, 1.177884
0.902344, 0.335732, 0.859375, 0.885045
0.884766, 0.513388, 0.531250, 1.167207
0.921875, 0.323900, 0.828125, 0.931184
0.878906, 0.505052, 0.656250, 1.096218
0.914062, 0.334781, 0.812500, 0.929321
0.884766, 0.479716, 0.781250, 2.087831
0.917969, 0.323654, 0.828125, 0.900570
0.892578, 0.472026, 0.812500, 1.557789
0.908203, 0.327895, 0.828125, 0.901182
0.898438, 0.445002, 0.796875, 1.195936
0.900391, 0.357027, 0.812500, 0.943699
0.906250, 0.431013, 0.734375, 1.068713
0.908203, 0.328062, 0.812500, 0.942795
0.910156, 0.436616, 0.656250, 1.360033
0.904297, 0.337496, 0.828125, 0.956232
0.882812, 0.461793, 0.718750, 1.536342
0.917969, 0.306324, 0.828125, 0.945285
0.896484, 0.461333, 0.781250, 1.135226
0.937500, 0.285107, 0.843750, 0.949526
0.902344, 0.457855, 0.578125, 1.436680
0.896484, 0.347356, 0.843750, 0.955669
0.896484, 0.453048, 0.687500, 1.195836
0.919922, 0.306870, 0.843750, 0.951133
0.882812, 0.484402, 0.781250, 1.083167
0.914062, 0.320729, 0.828125, 1.000381
0.894531, 0.440740, 0.703125, 1.569063
0.921875, 0.309998, 0.843750, 1.008267
0.873047, 0.524781, 0.671875, 2.030981
0.919922, 0.321558, 0.843750, 0.996679
0.884766, 0.528669, 0.656250, 1.942455
0.917969, 0.326705, 0.843750, 0.888624
0.898438, 0.473125, 0.703125, 1.124282
0.902344, 0.334384, 0.843750, 0.883076
0.876953, 0.508134, 0.671875, 1.255509
0.917969, 0.316600, 0.843750, 0.879359
0.886719, 0.501361, 0.781250, 0.829858
0.910156, 0.450055, 0.750000, 0.848519
0.917969, 0.331232, 0.828125, 1.061147
0.917969, 0.435373, 0.671875, 1.132817
0.906250, 0.328635, 0.828125, 1.087727
0.896484, 0.445771, 0.781250, 1.368457
0.888672, 0.356350, 0.812500, 0.976598
0.873047, 0.502942, 0.671875, 2.804834
0.916016, 0.315756, 0.828125, 0.964279
0.900391, 0.502671, 0.828125, 1.031201
0.912109, 0.342921, 0.828125, 0.933874
0.855469, 0.578135, 0.718750, 1.042383
0.923828, 0.300893, 0.843750, 0.901745
0.902344, 0.343321, 0.843750, 0.870378
0.886719, 0.487020, 0.796875, 1.418606
0.919922, 0.316797, 0.843750, 0.866995
0.908203, 0.444415, 0.796875, 1.344772
0.884766, 0.495259, 0.812500, 1.241643
0.439453, 1.324117, 0.312500, 3.662815
0.923828, 0.404025, 0.750000, 1.317811
0.548828, 1.084919, 0.312500, 1.616869
0.917969, 0.414450, 0.765625, 1.054509
0.554688, 1.064968, 0.593750, 1.081670
0.894531, 0.464642, 0.765625, 0.957932
0.593750, 1.033195, 0.593750, 0.990374
0.912109, 0.406771, 0.765625, 0.951500
0.908203, 0.429106, 0.765625, 0.860426
0.583984, 0.981917, 0.562500, 1.050540
0.921875, 0.389943, 0.796875, 0.833831
0.628906, 0.996464, 0.671875, 0.978810
0.621094, 0.933500, 0.500000, 1.009035
0.912109, 0.403760, 0.796875, 0.857385
0.890625, 0.426168, 0.796875, 0.884992
0.642578, 0.917102, 0.328125, 1.507362
0.925781, 0.391971, 0.781250, 0.958277
0.640625, 0.863151, 0.546875, 1.085131
0.925781, 0.381229, 0.796875, 0.980102
0.669922, 0.858528, 0.500000, 1.801761
0.929688, 0.389711, 0.765625, 1.010493
0.681641, 0.846583, 0.500000, 2.261142
0.906250, 0.401666, 0.765625, 0.956974
0.695312, 0.816228, 0.500000, 3.042635
0.912109, 0.386431, 0.796875, 0.981587
0.724609, 0.763407, 0.578125, 1.272629
0.935547, 0.373245, 0.812500, 0.951777
0.726562, 0.777244, 0.500000, 3.999555
0.923828, 0.379177, 0.828125, 0.998149
0.730469, 0.731950, 0.500000, 3.643206
0.912109, 0.393720, 0.750000, 0.933564
0.750000, 0.737517, 0.500000, 2.755450
0.919922, 0.370825, 0.609375, 1.155746
0.710938, 0.823233, 0.515625, 1.945798
0.927734, 0.378748, 0.765625, 1.589010
0.775391, 0.716499, 0.609375, 1.277722
0.916016, 0.388402, 0.687500, 2.471139
0.765625, 0.685212, 0.390625, 4.083276
0.927734, 0.361840, 0.718750, 2.314572
0.759766, 0.689652, 0.671875, 1.259706
0.931641, 0.361874, 0.734375, 1.980176
0.800781, 0.667246, 0.718750, 1.185663
0.923828, 0.380760, 0.765625, 1.455118
0.792969, 0.673718, 0.671875, 1.445698
0.939453, 0.342092, 0.781250, 1.343715
0.771484, 0.697941, 0.546875, 2.069398
0.937500, 0.346497, 0.750000, 1.302317
0.812500, 0.656771, 0.609375, 2.982511
0.935547, 0.366440, 0.765625, 1.132399
0.832031, 0.648431, 0.578125, 2.574225
0.914062, 0.394467, 0.812500, 1.020184
0.830078, 0.619691, 0.750000, 1.279443
0.818359, 0.641938, 0.593750, 2.460671
0.939453, 0.366655, 0.812500, 1.033723
0.923828, 0.365984, 0.796875, 1.142664
0.818359, 0.644115, 0.703125, 1.208799
0.947266, 0.316098, 0.796875, 0.994651
0.810547, 0.667655, 0.703125, 1.012855
0.953125, 0.324301, 0.859375, 1.051652
0.839844, 0.610253, 0.625000, 1.159471
0.939453, 0.345398, 0.765625, 1.141428
0.857422, 0.562441, 0.609375, 1.202881
0.931641, 0.340796, 0.781250, 1.098298
0.855469, 0.589421, 0.718750, 1.225845
0.925781, 0.361982, 0.812500, 0.933386
0.845703, 0.569939, 0.625000, 0.998105
0.962891, 0.304672, 0.703125, 1.098279
0.845703, 0.613879, 0.765625, 0.979754
0.927734, 0.356448, 0.718750, 1.038099
0.880859, 0.524778, 0.750000, 0.926392
0.943359, 0.349318, 0.750000, 1.013277
0.841797, 0.588639, 0.765625, 0.933369
0.937500, 0.340700, 0.765625, 0.924192
0.875000, 0.520119, 0.671875, 1.273577
0.935547, 0.337052, 0.718750, 1.007196
0.837891, 0.612654, 0.562500, 2.368675
0.933594, 0.363321, 0.796875, 0.919924
0.876953, 0.523909, 0.609375, 1.531052
0.925781, 0.350269, 0.828125, 1.074072
0.837891, 0.608959, 0.609375, 3.757822
0.917969, 0.409148, 0.781250, 1.473500
0.875000, 0.551530, 0.703125, 2.083787
0.916016, 0.387141, 0.812500, 1.127726
0.859375, 0.561557, 0.734375, 2.095962
0.908203, 0.429345, 0.843750, 0.973971
0.904297, 0.451926, 0.703125, 2.271694
0.933594, 0.395993, 0.781250, 1.175459
0.843750, 0.586554, 0.765625, 1.128944
0.923828, 0.373085, 0.843750, 1.018459
0.849609, 0.593694, 0.625000, 2.338208
0.929688, 0.361879, 0.828125, 0.939075
0.867188, 0.525971, 0.500000, 3.551685
0.904297, 0.441536, 0.859375, 0.920986
0.888672, 0.520963, 0.609375, 1.610802
0.882812, 0.537460, 0.640625, 1.101104
0.933594, 0.334467, 0.734375, 0.967083
0.876953, 0.556653, 0.656250, 1.442911
0.921875, 0.397027, 0.734375, 1.034774
0.878906, 0.556413, 0.640625, 1.568328
0.921875, 0.352875, 0.750000, 0.966608
0.927734, 0.355956, 0.828125, 0.817417
0.851562, 0.542093, 0.531250, 1.098154
0.919922, 0.372685, 0.859375, 0.803024
0.863281, 0.532655, 0.609375, 1.016142
0.933594, 0.344817, 0.875000, 0.787122
0.837891, 0.576846, 0.671875, 0.900713
0.921875, 0.366111, 0.875000, 0.798854
0.884766, 0.512472, 0.718750, 0.866418
0.925781, 0.356450, 0.890625, 0.774681
0.880859, 0.511897, 0.828125, 0.788404
0.933594, 0.358986, 0.890625, 0.804880
0.888672, 0.467353, 0.843750, 0.747157
0.931641, 0.356837, 0.828125, 0.881243
0.894531, 0.470076, 0.843750, 0.780268
0.933594, 0.343587, 0.828125, 0.912855
0.898438, 0.449803, 0.781250, 0.810185
0.939453, 0.341220, 0.828125, 0.931799
0.884766, 0.475066, 0.765625, 0.986838
0.937500, 0.316495, 0.828125, 0.945611
0.871094, 0.486893, 0.718750, 1.055066
0.945312, 0.332830, 0.843750, 0.966900
0.898438, 0.423729, 0.687500, 0.957937
0.949219, 0.301893, 0.843750, 1.040678
0.914062, 0.409472, 0.796875, 0.911354
0.941406, 0.319812, 0.812500, 1.008106
0.878906, 0.455608, 0.734375, 1.034952
0.931641, 0.362410, 0.796875, 0.997818
0.902344, 0.406998, 0.765625, 0.968318
0.947266, 0.312854, 0.781250, 1.036044
0.898438, 0.439359, 0.781250, 0.895538
0.939453, 0.332203, 0.859375, 0.875897
0.902344, 0.432356, 0.812500, 0.952958
0.935547, 0.355193, 0.828125, 0.915207
0.925781, 0.394639, 0.765625, 0.988623
0.939453, 0.309197, 0.812500, 0.930602
0.912109, 0.403129, 0.828125, 0.838916
0.933594, 0.336348, 0.828125, 0.923654
0.904297, 0.411874, 0.734375, 1.131744
0.949219, 0.317295, 0.812500, 0.924441
0.906250, 0.425758, 0.812500, 0.928662
0.945312, 0.302343, 0.859375, 0.897609
0.917969, 0.405333, 0.828125, 0.816727
0.947266, 0.323773, 0.859375, 0.897502
0.916016, 0.407137, 0.859375, 0.776219
0.937500, 0.311424, 0.859375, 0.897228
0.923828, 0.372379, 0.796875, 0.852610
0.939453, 0.338450, 0.843750, 0.897003
0.923828, 0.387677, 0.781250, 1.067190
0.931641, 0.338215, 0.828125, 0.920034
0.916016, 0.384456, 0.750000, 1.302578
0.951172, 0.301502, 0.828125, 0.921869
0.921875, 0.378551, 0.765625, 1.284032
0.943359, 0.318401, 0.828125, 0.920890
0.931641, 0.362280, 0.765625, 1.220616
0.951172, 0.306237, 0.828125, 0.894946
0.921875, 0.377326, 0.812500, 1.090372
0.955078, 0.276190, 0.828125, 0.873278
0.912109, 0.413249, 0.828125, 0.934955
0.947266, 0.305964, 0.843750, 0.848018
0.900391, 0.444917, 0.687500, 1.530018
0.957031, 0.292565, 0.875000, 0.833788
0.900391, 0.414640, 0.828125, 0.991439
0.951172, 0.286505, 0.843750, 0.851559
0.923828, 0.379701, 0.765625, 0.995913
0.941406, 0.303958, 0.859375, 0.906541
0.906250, 0.415738, 0.703125, 1.119776
0.953125, 0.295858, 0.812500, 1.016883
0.892578, 0.459942, 0.703125, 1.450595
0.929688, 0.342359, 0.781250, 1.040788
0.958984, 0.276320, 0.781250, 1.149824
0.906250, 0.430398, 0.765625, 1.617542
0.943359, 0.311295, 0.796875, 1.112527
0.931641, 0.380115, 0.765625, 1.488715
0.943359, 0.305838, 0.796875, 1.045432
0.900391, 0.460704, 0.765625, 1.109362
0.921875, 0.379369, 0.796875, 1.102954
0.937500, 0.312022, 0.812500, 0.990951
0.955078, 0.292470, 0.843750, 0.939455
0.910156, 0.387517, 0.843750, 1.032601
0.939453, 0.306091, 0.843750, 0.934079
0.933594, 0.382212, 0.859375, 0.889066
0.937500, 0.310040, 0.812500, 0.988478
0.919922, 0.383295, 0.765625, 1.106629
0.947266, 0.293458, 0.796875, 1.014036
0.931641, 0.357857, 0.718750, 1.164043
0.945312, 0.286652, 0.812500, 1.012727
0.921875, 0.407130, 0.750000, 1.009950
0.939453, 0.310556, 0.812500, 0.987882
0.910156, 0.405492, 0.828125, 0.816631
0.939453, 0.309022, 0.859375, 0.903380
0.882812, 0.468655, 0.750000, 2.108493
0.937500, 0.299514, 0.843750, 0.863191
0.902344, 0.412107, 0.750000, 2.263325
0.892578, 0.445837, 0.828125, 1.156764
0.949219, 0.315142, 0.828125, 0.995489
0.908203, 0.404542, 0.828125, 1.022886
0.933594, 0.348633, 0.812500, 0.965000
0.919922, 0.372423, 0.781250, 1.242019
0.921875, 0.356949, 0.812500, 0.949959
0.906250, 0.410333, 0.812500, 1.211804
0.937500, 0.321779, 0.828125, 0.938712
0.939453, 0.326113, 0.843750, 0.919876
0.925781, 0.385361, 0.593750, 1.014237
0.941406, 0.330781, 0.859375, 0.908239
0.906250, 0.414125, 0.625000, 0.980825
0.941406, 0.348123, 0.859375, 0.900836
0.894531, 0.417473, 0.703125, 0.903264
0.935547, 0.335523, 0.875000, 0.858389
0.912109, 0.388248, 0.750000, 0.853776
0.943359, 0.316819, 0.843750, 0.837810
0.921875, 0.392596, 0.781250, 0.804162
0.921875, 0.392471, 0.859375, 0.861002
0.916016, 0.394296, 0.796875, 0.763257
0.933594, 0.347101, 0.843750, 0.939862
0.937500, 0.343250, 0.781250, 0.738136
0.921875, 0.395390, 0.812500, 1.007099
0.925781, 0.358180, 0.796875, 0.983274
0.937500, 0.343486, 0.812500, 1.036472
0.894531, 0.419978, 0.828125, 0.974065
0.945312, 0.324554, 0.796875, 1.008201
0.919922, 0.388450, 0.812500, 1.011937
0.943359, 0.311227, 0.812500, 0.987904
0.933594, 0.359602, 0.812500, 1.061090
0.947266, 0.314849, 0.812500, 0.973539
0.921875, 0.369044, 0.906250, 0.861693
0.937500, 0.336363, 0.828125, 0.955688
0.919922, 0.377095, 0.890625, 0.784223
0.947266, 0.323059, 0.828125, 0.967471
0.894531, 0.425936, 0.875000, 0.748583
0.953125, 0.304543, 0.828125, 0.951200
0.914062, 0.393439, 0.859375, 0.789549
0.945312, 0.321478, 0.812500, 0.902500
0.904297, 0.389867, 0.812500, 0.767184
0.943359, 0.316577, 0.812500, 0.888855
0.916016, 0.362539, 0.812500, 0.768421
0.947266, 0.339825, 0.812500, 0.893972
0.898438, 0.418317, 0.828125, 0.887214
0.929688, 0.333030, 0.812500, 0.895582
0.921875, 0.350684, 0.843750, 1.012027
0.927734, 0.342187, 0.812500, 0.923987
0.898438, 0.382975, 0.828125, 0.910777
0.955078, 0.291097, 0.796875, 0.972475
0.923828, 0.384270, 0.859375, 0.834321
0.943359, 0.318083, 0.781250, 0.981047
0.931641, 0.340472, 0.859375, 0.866428
0.957031, 0.285330, 0.765625, 1.011459
0.933594, 0.343564, 0.859375, 0.860080
0.955078, 0.291606, 0.765625, 1.008246
0.898438, 0.380949, 0.890625, 0.885498
0.949219, 0.296691, 0.828125, 0.985811
0.935547, 0.329872, 0.828125, 0.983823
0.916016, 0.359941, 0.828125, 1.007791
0.949219, 0.289031, 0.828125, 0.979685
0.943359, 0.302633, 0.781250, 1.174071
0.960938, 0.280504, 0.828125, 0.969698
0.906250, 0.375697, 0.812500, 1.100281
0.937500, 0.312133, 0.828125, 0.954982
0.931641, 0.346225, 0.796875, 1.204366
0.921875, 0.350969, 0.812500, 0.943123
0.941406, 0.317826, 0.812500, 1.153397
0.927734, 0.331241, 0.812500, 0.951780
0.921875, 0.337347, 0.828125, 1.016399
0.970703, 0.264182, 0.843750, 0.940257
0.939453, 0.314798, 0.859375, 0.902637
0.943359, 0.297395, 0.843750, 0.845461
0.923828, 0.358669, 0.875000, 0.853169
0.927734, 0.351227, 0.843750, 0.851460
0.906250, 0.362148, 0.875000, 0.934873
0.929688, 0.336250, 0.859375, 0.865511
0.917969, 0.348771, 0.781250, 1.029459
0.937500, 0.322273, 0.843750, 0.868290
0.931641, 0.326694, 0.765625, 1.122236
0.943359, 0.299244, 0.828125, 0.847768
0.927734, 0.331577, 0.781250, 1.009107
0.931641, 0.327513, 0.859375, 0.828857
0.935547, 0.317031, 0.781250, 1.011735
0.943359, 0.298968, 0.843750, 0.804101
0.953125, 0.279467, 0.812500, 0.991245
0.923828, 0.339290, 0.859375, 0.811072
0.933594, 0.314294, 0.859375, 0.824696
0.931641, 0.324740, 0.859375, 1.052868
0.943359, 0.307496, 0.859375, 0.827953
0.935547, 0.301994, 0.875000, 1.069483
0.960938, 0.278320, 0.843750, 0.827414
0.931641, 0.310189, 0.875000, 1.046139
0.955078, 0.294774, 0.843750, 0.839752
0.937500, 0.309184, 0.875000, 0.968048
0.943359, 0.298789, 0.828125, 0.848588
0.919922, 0.324934, 0.843750, 1.056829
0.949219, 0.281662, 0.828125, 0.855491
0.919922, 0.339346, 0.828125, 1.081170
0.927734, 0.318844, 0.843750, 0.975486
0.947266, 0.338040, 0.812500, 1.071077
0.937500, 0.296429, 0.843750, 0.952477
0.935547, 0.335496, 0.828125, 1.025036
0.939453, 0.302389, 0.859375, 0.861923
0.929688, 0.350745, 0.843750, 1.004783
0.931641, 0.309155, 0.859375, 0.841898
0.935547, 0.348891, 0.843750, 1.000221
0.921875, 0.341985, 0.859375, 0.671484
0.935547, 0.350245, 0.843750, 0.963578
0.929688, 0.328656, 0.843750, 0.685305
0.933594, 0.346186, 0.828125, 0.951363
0.949219, 0.323373, 0.859375, 0.922160
0.912109, 0.385276, 0.843750, 0.843535
0.955078, 0.286267, 0.828125, 0.907491
0.925781, 0.352236, 0.890625, 0.798867
0.947266, 0.300226, 0.828125, 0.913531
0.927734, 0.383602, 0.875000, 0.769894
0.935547, 0.333757, 0.828125, 0.910650
0.906250, 0.380977, 0.875000, 0.735396
0.947266, 0.311147, 0.828125, 0.905607
0.910156, 0.375779, 0.875000, 0.742563
0.949219, 0.330083, 0.843750, 0.898468
0.896484, 0.396213, 0.875000, 0.738969
0.943359, 0.320765, 0.843750, 0.904415
0.927734, 0.344045, 0.875000, 0.735695
0.955078, 0.304344, 0.859375, 0.894565
0.898438, 0.424210, 0.859375, 0.842794
0.945312, 0.324599, 0.859375, 0.889122
0.894531, 0.396207, 0.859375, 0.923213
0.939453, 0.324455, 0.859375, 0.878863
0.910156, 0.387399, 0.843750, 0.912859
0.947266, 0.304931, 0.859375, 0.876147
0.921875, 0.375980, 0.843750, 0.937339
0.935547, 0.336655, 0.859375, 0.882710
0.929688, 0.343551, 0.843750, 0.910875
0.945312, 0.313637, 0.859375, 0.860032
0.910156, 0.432494, 0.828125, 0.937548
0.945312, 0.303388, 0.859375, 0.853896
0.941406, 0.318561, 0.828125, 0.889365
0.935547, 0.344327, 0.859375, 0.857719
0.945312, 0.326108, 0.859375, 0.851603
0.910156, 0.381034, 0.875000, 0.814222
0.929688, 0.335443, 0.859375, 0.868732
0.925781, 0.344470, 0.875000, 0.763331
0.919922, 0.362130, 0.843750, 0.908052
0.908203, 0.358581, 0.875000, 0.756414
0.935547, 0.320908, 0.843750, 0.914487
0.925781, 0.340595, 0.875000, 0.767418
0.943359, 0.308185, 0.843750, 0.909668
0.943359, 0.325243, 0.890625, 0.764652
0.960938, 0.284964, 0.843750, 0.902387
0.914062, 0.363455, 0.906250, 0.786809
0.949219, 0.319194, 0.828125, 0.890033
0.910156, 0.377184, 0.890625, 0.786600
0.951172, 0.294180, 0.843750, 0.917360
0.923828, 0.345685, 0.890625, 0.795224
0.941406, 0.322868, 0.843750, 0.922031
0.933594, 0.327109, 0.890625, 0.848856
0.935547, 0.330051, 0.843750, 0.921402
0.929688, 0.320877, 0.890625, 0.883264
0.945312, 0.317593, 0.843750, 0.907592
0.923828, 0.337127, 0.843750, 0.876838
0.945312, 0.307276, 0.843750, 0.909339
0.939453, 0.332359, 0.875000, 0.895828
0.955078, 0.316191, 0.828125, 0.905815
0.933594, 0.331699, 0.875000, 0.924796
0.947266, 0.311809, 0.828125, 0.898391
0.937500, 0.330536, 0.859375, 0.999868
0.927734, 0.331663, 0.828125, 0.906396
0.941406, 0.311733, 0.859375, 1.066615
0.933594, 0.334716, 0.828125, 0.901547
0.906250, 0.374756, 0.843750, 0.970029
0.947266, 0.310470, 0.843750, 0.888471
0.919922, 0.350677, 0.875000, 0.825429
0.966797, 0.275765, 0.843750, 0.889165
0.931641, 0.333052, 0.875000, 0.823964
0.925781, 0.341602, 0.843750, 0.888633
0.931641, 0.312436, 0.859375, 0.847823
0.935547, 0.316183, 0.828125, 0.896393
0.919922, 0.343473, 0.843750, 0.849962
0.953125, 0.278856, 0.843750, 0.897348
0.929688, 0.316867, 0.843750, 0.847396
0.947266, 0.311234, 0.828125, 0.885422
0.921875, 0.337468, 0.828125, 0.758995
0.945312, 0.301127, 0.828125, 0.856228
0.923828, 0.346701, 0.828125, 0.744034
0.933594, 0.350538, 0.812500, 0.904249
0.912109, 0.351650, 0.796875, 0.751221
0.945312, 0.294915, 0.812500, 0.923048
0.906250, 0.368825, 0.843750, 0.767111
0.939453, 0.308186, 0.812500, 0.944999
0.935547, 0.309208, 0.843750, 0.779521
0.945312, 0.315888, 0.812500, 0.942858
0.955078, 0.289510, 0.828125, 0.895190
0.921875, 0.347406, 0.828125, 0.803486
0.953125, 0.293625, 0.828125, 0.875092
0.941406, 0.303698, 0.828125, 0.874536
0.923828, 0.334607, 0.828125, 1.015260
0.945312, 0.350426, 0.859375, 0.849404
0.945312, 0.282844, 0.828125, 1.082657
0.945312, 0.315990, 0.859375, 0.844892
0.908203, 0.347378, 0.828125, 1.056454
0.949219, 0.316951, 0.859375, 0.845154
0.931641, 0.311493, 0.843750, 0.890037
0.933594, 0.345859, 0.859375, 0.849827
0.916016, 0.346900, 0.828125, 0.870521
0.951172, 0.303061, 0.843750, 0.847508
0.927734, 0.316592, 0.828125, 0.820481
0.933594, 0.349652, 0.859375, 0.843038
0.937500, 0.301949, 0.843750, 0.823451
0.947266, 0.315974, 0.859375, 0.847677
0.916016, 0.345291, 0.859375, 0.818822
0.939453, 0.325092, 0.843750, 0.853839
0.947266, 0.303672, 0.859375, 0.857129
0.908203, 0.381925, 0.765625, 1.092000
0.933594, 0.331518, 0.859375, 0.855065
0.923828, 0.332156, 0.828125, 1.087827
0.941406, 0.322310, 0.859375, 0.855431
0.906250, 0.393313, 0.843750, 1.070174
0.953125, 0.304859, 0.875000, 0.854844
0.917969, 0.393163, 0.781250, 1.254852
0.937500, 0.315444, 0.875000, 0.862091
0.935547, 0.319723, 0.765625, 1.202591
0.943359, 0.309690, 0.875000, 0.869999
0.912109, 0.371712, 0.812500, 1.122650
0.943359, 0.312504, 0.859375, 0.876787
0.912109, 0.376218, 0.843750, 1.045119
0.929688, 0.339923, 0.859375, 0.878004
0.914062, 0.360614, 0.843750, 0.957344
0.917969, 0.347440, 0.859375, 0.873942
0.929688, 0.330709, 0.875000, 0.875908
0.939453, 0.343715, 0.843750, 0.880808
0.919922, 0.341300, 0.890625, 0.838532
0.935547, 0.322090, 0.859375, 0.883373
0.929688, 0.337361, 0.906250, 0.834443
0.927734, 0.351317, 0.875000, 0.882107
0.929688, 0.334178, 0.875000, 0.807831
0.947266, 0.307200, 0.859375, 0.869415
0.919922, 0.343098, 0.875000, 0.801098
0.949219, 0.287879, 0.859375, 0.867299
0.933594, 0.340958, 0.859375, 0.866388
0.933594, 0.320269, 0.875000, 0.788494
0.945312, 0.307130, 0.875000, 0.869900
0.910156, 0.365717, 0.890625, 0.790865
0.939453, 0.313858, 0.875000, 0.870039
0.923828, 0.341058, 0.890625, 0.803630
0.941406, 0.309041, 0.875000, 0.872328
0.923828, 0.345042, 0.875000, 0.827080
0.951172, 0.296072, 0.875000, 0.869582
0.921875, 0.338694, 0.875000, 0.837671
0.925781, 0.365423, 0.875000, 0.871910
0.927734, 0.334579, 0.875000, 0.830011
0.933594, 0.329058, 0.859375, 0.878537
0.931641, 0.317224, 0.890625, 0.824487
0.947266, 0.286570, 0.859375, 0.877227
0.923828, 0.320182, 0.890625, 0.818800
0.947266, 0.314600, 0.859375, 0.877752
0.916016, 0.371728, 0.859375, 0.965865
0.945312, 0.311351, 0.843750, 0.878035
0.939453, 0.313516, 0.859375, 1.034069
0.929688, 0.335456, 0.843750, 0.875491
0.917969, 0.352230, 0.843750, 0.957268
0.939453, 0.305839, 0.828125, 0.878562
0.921875, 0.341773, 0.828125, 0.898658
0.939453, 0.313601, 0.828125, 0.881227
0.912109, 0.355250, 0.843750, 0.878036
0.925781, 0.337812, 0.843750, 0.882532
0.927734, 0.339000, 0.828125, 0.827011
0.947266, 0.328969, 0.843750, 0.884170
0.925781, 0.330250, 0.859375, 0.810678
0.943359, 0.305067, 0.843750, 0.887547
0.931641, 0.310592, 0.843750, 0.772459
0.933594, 0.323226, 0.843750, 0.879417
0.925781, 0.325732, 0.875000, 0.755290
0.957031, 0.294587, 0.859375, 0.882394
0.953125, 0.289101, 0.890625, 0.756050
0.941406, 0.313931, 0.859375, 0.906602
0.917969, 0.341660, 0.890625, 0.750796
0.943359, 0.317721, 0.859375, 0.902709
0.937500, 0.307779, 0.890625, 0.742456
0.947266, 0.310552, 0.859375, 0.900628
0.923828, 0.330913, 0.890625, 0.748154
0.953125, 0.295858, 0.843750, 0.899535
0.923828, 0.328439, 0.906250, 0.753727
0.957031, 0.300232, 0.843750, 0.899296
0.935547, 0.311261, 0.906250, 0.756338
0.939453, 0.313668, 0.843750, 0.897593
0.912109, 0.339438, 0.906250, 0.766146
0.941406, 0.299473, 0.859375, 0.897829
0.933594, 0.306510, 0.906250, 0.767751
0.935547, 0.315105, 0.843750, 0.897619
0.925781, 0.323229, 0.890625, 0.762183
0.941406, 0.329928, 0.859375, 0.896638
0.943359, 0.294922, 0.843750, 0.901293
0.921875, 0.329507, 0.890625, 0.758437
0.937500, 0.314842, 0.890625, 0.742602
0.921875, 0.323550, 0.875000, 0.724734
0.511719, 1.153916, 0.317460, 2.474758
0.935547, 0.299119, 0.875000, 0.705342
0.546875, 1.065149, 0.317460, 1.199749
0.933594, 0.309211, 0.859375, 0.704859
0.566406, 1.055723, 0.698413, 1.071656
0.908203, 0.367475, 0.875000, 0.743052
0.580078, 1.022879, 0.507937, 1.555900
0.935547, 0.309409, 0.875000, 0.761317
0.589844, 0.980689, 0.492063, 2.403822
0.593750, 0.940477, 0.587302, 0.984586
0.929688, 0.324536, 0.859375, 0.768186
0.628906, 0.910548, 0.492063, 1.638886
0.914062, 0.334111, 0.859375, 0.783867
0.632812, 0.874837, 0.492063, 4.144181
0.935547, 0.305422, 0.859375, 0.791681
0.648438, 0.850177, 0.492063, 1.842201
0.929688, 0.315164, 0.875000, 0.781251
0.695312, 0.830561, 0.349206, 1.285623
0.917969, 0.350111, 0.828125, 0.979139
0.695312, 0.825132, 0.492063, 3.346672
0.929688, 0.322588, 0.843750, 0.935961
0.685547, 0.799874, 0.492063, 3.475796
0.927734, 0.315492, 0.859375, 0.909363
0.708984, 0.800368, 0.365079, 1.990399
0.914062, 0.359833, 0.859375, 0.897494
0.750000, 0.723882, 0.492063, 2.884800
0.933594, 0.329270, 0.859375, 0.869033
0.742188, 0.721651, 0.492063, 3.121315
0.917969, 0.340709, 0.875000, 0.847692
0.802734, 0.632128, 0.492063, 1.648707
0.748047, 0.658603, 0.714286, 0.961346
0.931641, 0.330152, 0.890625, 0.835104
0.773438, 0.654143, 0.492063, 7.159090
0.933594, 0.321871, 0.890625, 0.828078
0.779297, 0.637761, 0.698413, 1.233748
0.929688, 0.330468, 0.890625, 0.818844
0.806641, 0.583998, 0.714286, 0.886949
0.939453, 0.309601, 0.890625, 0.817656
0.802734, 0.611316, 0.507937, 2.985607
0.917969, 0.347965, 0.906250, 0.801859
0.808594, 0.582599, 0.666667, 1.516432
0.914062, 0.340290, 0.906250, 0.794019
0.808594, 0.586850, 0.650794, 1.837166
0.927734, 0.335292, 0.890625, 0.791109
0.830078, 0.535188, 0.698413, 0.908007
0.935547, 0.324702, 0.906250, 0.796323
0.826172, 0.561436, 0.682540, 1.148836
0.904297, 0.363195, 0.875000, 0.802388
0.820312, 0.549007, 0.682540, 1.115532
0.921875, 0.331273, 0.875000, 0.804968
0.816406, 0.550117, 0.777778, 1.091406
0.921875, 0.325706, 0.875000, 0.801426
0.851562, 0.488050, 0.825397, 1.393232
0.921875, 0.346399, 0.875000, 0.817489
0.828125, 0.542783, 0.777778, 1.754044
0.929688, 0.330293, 0.890625, 0.829934
0.849609, 0.491498, 0.746032, 0.881082
0.925781, 0.336741, 0.890625, 0.821237
0.853516, 0.502375, 0.412698, 2.385102
0.941406, 0.310606, 0.890625, 0.816594
0.865234, 0.469658, 0.603175, 1.186231
0.886719, 0.424210, 0.619048, 1.402708
0.929688, 0.352541, 0.875000, 0.810363
0.878906, 0.473467, 0.793651, 1.495604
0.917969, 0.341997, 0.875000, 0.817619
0.878906, 0.456561, 0.349206, 4.370693
0.923828, 0.335287, 0.875000, 0.831508
0.892578, 0.438233, 0.333333, 7.270539
0.927734, 0.328924, 0.875000, 0.829526
0.890625, 0.458761, 0.698413, 1.310907
0.927734, 0.331885, 0.875000, 0.822960
0.865234, 0.488172, 0.650794, 1.515818
0.939453, 0.313821, 0.875000, 0.818019
0.904297, 0.435250, 0.793651, 1.017236
0.929688, 0.315585, 0.890625, 0.820719
0.865234, 0.487987, 0.761905, 1.057314
0.914062, 0.355414, 0.875000, 0.824142
0.880859, 0.482542, 0.650794, 1.084528
0.921875, 0.349555, 0.875000, 0.823185
0.861328, 0.478687, 0.619048, 1.222055
0.921875, 0.329690, 0.890625, 0.817744
0.865234, 0.479296, 0.777778, 1.057919
0.951172, 0.272950, 0.890625, 0.813617
0.878906, 0.447031, 0.761905, 1.203911
0.921875, 0.339161, 0.890625, 0.808229
0.861328, 0.498839, 0.698413, 1.207363
0.927734, 0.327510, 0.875000, 0.808205
0.900391, 0.428030, 0.730159, 1.348130
0.912109, 0.356346, 0.875000, 0.813536
0.914062, 0.415095, 0.777778, 1.213493
0.908203, 0.351326, 0.890625, 0.815290
0.890625, 0.446744, 0.793651, 1.139955
0.939453, 0.306011, 0.906250, 0.835647
0.892578, 0.494515, 0.666667, 1.303942
0.892578, 0.436541, 0.730159, 1.099211
0.917969, 0.347045, 0.906250, 0.825610
0.925781, 0.330942, 0.890625, 0.826175
0.871094, 0.445764, 0.571429, 1.356157
0.921875, 0.323694, 0.875000, 0.827404
0.876953, 0.443472, 0.507937, 1.445609
0.927734, 0.324331, 0.875000, 0.817056
0.841797, 0.493192, 0.603175, 1.170694
0.908203, 0.345183, 0.875000, 0.803697
0.837891, 0.498015, 0.460317, 1.824073
0.933594, 0.319382, 0.875000, 0.791575
0.837891, 0.487493, 0.730159, 1.061044
0.943359, 0.303139, 0.859375, 0.790710
0.884766, 0.430005, 0.714286, 1.095760
0.916016, 0.339998, 0.875000, 0.822985
0.890625, 0.395739, 0.809524, 1.022389
0.927734, 0.316933, 0.875000, 0.851973
0.869141, 0.463990, 0.571429, 1.536593
0.931641, 0.313318, 0.859375, 0.852291
0.900391, 0.421703, 0.555556, 1.611084
0.921875, 0.329202, 0.859375, 0.844374
0.896484, 0.424454, 0.698413, 1.868544
0.935547, 0.306571, 0.859375, 0.831391
0.878906, 0.435277, 0.777778, 1.235781
0.921875, 0.326907, 0.890625, 0.827723
0.873047, 0.449023, 0.698413, 1.043098
0.880859, 0.448035, 0.714286, 1.032825
0.441406, 1.147499, 0.349206, 2.139789
0.884766, 0.424185, 0.809524, 0.906503
0.583984, 1.050217, 0.190476, 2.556006
0.904297, 0.424164, 0.809524, 0.821494
0.611328, 1.001828, 0.190476, 2.631266
0.892578, 0.393087, 0.825397, 0.879617
0.621094, 0.969494, 0.317460, 2.887631
0.888672, 0.417465, 0.761905, 0.890776
0.902344, 0.380319, 0.793651, 0.802922
0.652344, 0.934806, 0.460317, 1.082677
0.902344, 0.377868, 0.587302, 1.008129
0.708984, 0.843637, 0.539683, 1.034926
0.888672, 0.392090, 0.634921, 0.922181
0.675781, 0.866895, 0.507937, 1.314816
0.888672, 0.394311, 0.666667, 1.007911
0.728516, 0.793943, 0.523810, 1.534432
0.908203, 0.379204, 0.698413, 0.948653
0.722656, 0.786798, 0.492063, 2.633266
0.898438, 0.372848, 0.714286, 0.977538
0.722656, 0.802980, 0.492063, 4.814465
0.910156, 0.374805, 0.761905, 1.172586
0.742188, 0.769390, 0.619048, 1.166495
0.900391, 0.370159, 0.730159, 1.495907
0.785156, 0.711284, 0.190476, 4.367917
0.792969, 0.643208, 0.698413, 0.939835
0.908203, 0.345341, 0.730159, 1.478519
0.933594, 0.328418, 0.761905, 1.024191
0.812500, 0.582112, 0.761905, 1.135347
0.837891, 0.550887, 0.571429, 1.485332
0.902344, 0.350721, 0.761905, 1.311529
0.839844, 0.561043, 0.603175, 1.254337
0.908203, 0.355924, 0.746032, 1.521045
0.843750, 0.569169, 0.603175, 1.702978
0.916016, 0.350589, 0.746032, 1.395335
0.851562, 0.514963, 0.587302, 1.856297
0.898438, 0.391551, 0.603175, 1.084207
0.898438, 0.383571, 0.571429, 1.344100
0.869141, 0.480213, 0.603175, 2.131044
0.898438, 0.366590, 0.587302, 1.211648
0.843750, 0.493815, 0.698413, 1.216637
0.884766, 0.402655, 0.777778, 1.238431
0.880859, 0.447523, 0.365079, 3.081539
0.886719, 0.389673, 0.698413, 1.839702
0.857422, 0.495806, 0.412698, 2.673337
0.875000, 0.421405, 0.746032, 1.558612
0.843750, 0.584048, 0.746032, 1.162007
0.894531, 0.365728, 0.698413, 1.951815
0.843750, 0.542993, 0.698413, 2.510868
0.916016, 0.369420, 0.682540, 1.740890
0.875000, 0.488186, 0.761905, 1.307647
0.908203, 0.354996, 0.714286, 1.244926
0.876953, 0.493576, 0.698413, 1.291172
0.888672, 0.415837, 0.777778, 1.338830
0.896484, 0.443817, 0.634921, 1.743686
0.921875, 0.336643, 0.761905, 1.304896
0.878906, 0.456014, 0.587302, 1.941397
0.910156, 0.360251, 0.730159, 1.288366
0.873047, 0.519348, 0.730159, 1.423816
0.900391, 0.354811, 0.746032, 2.512365
0.876953, 0.482171, 0.619048, 1.595244
0.888672, 0.395390, 0.761905, 1.781954
0.861328, 0.523673, 0.761905, 1.321005
0.906250, 0.334695, 0.746032, 1.502229
0.890625, 0.431639, 0.809524, 1.052792
0.912109, 0.333010, 0.746032, 1.415792
0.871094, 0.493364, 0.761905, 0.907062
0.904297, 0.357066, 0.761905, 1.376406
0.904297, 0.406056, 0.761905, 0.930688
0.906250, 0.343518, 0.634921, 2.175954
0.890625, 0.456257, 0.746032, 1.022582
0.908203, 0.332335, 0.555556, 2.311736
0.892578, 0.424806, 0.634921, 1.252031
0.921875, 0.338199, 0.571429, 2.090871
0.892578, 0.436554, 0.682540, 1.125471
0.908203, 0.390273, 0.682540, 1.378944
0.857422, 0.453076, 0.730159, 1.114257
0.896484, 0.401449, 0.761905, 1.004318
0.933594, 0.343461, 0.730159, 1.078444
0.925781, 0.378780, 0.793651, 0.846940
0.880859, 0.410688, 0.746032, 0.908246
0.904297, 0.395384, 0.746032, 0.874971
0.884766, 0.408656, 0.777778, 0.938196
0.880859, 0.426050, 0.650794, 1.256807
0.908203, 0.383226, 0.809524, 0.913715
0.880859, 0.426923, 0.682540, 1.497575
0.906250, 0.370364, 0.761905, 0.891216
0.912109, 0.379455, 0.698413, 1.228737
0.919922, 0.391048, 0.793651, 0.901764
0.894531, 0.392535, 0.714286, 1.065826
0.898438, 0.366696, 0.809524, 0.885798
0.916016, 0.378400, 0.841270, 0.896478
0.892578, 0.397400, 0.714286, 0.968232
0.886719, 0.402385, 0.777778, 1.167239
0.914062, 0.334848, 0.698413, 1.043262
0.910156, 0.354809, 0.825397, 1.256784
0.912109, 0.364845, 0.793651, 0.915659
0.896484, 0.379446, 0.777778, 1.204137
0.873047, 0.447403, 0.809524, 1.193235
0.917969, 0.339566, 0.793651, 1.202165
0.925781, 0.342426, 0.777778, 1.126514
0.904297, 0.390958, 0.809524, 0.857988
0.890625, 0.423810, 0.857143, 0.748939
0.919922, 0.378363, 0.714286, 0.963586
0.894531, 0.388566, 0.825397, 0.838696
0.896484, 0.377673, 0.587302, 1.307297
0.923828, 0.377010, 0.841270, 0.840878
0.896484, 0.426820, 0.603175, 1.456546
0.917969, 0.373774, 0.809524, 0.869419
0.914062, 0.345447, 0.746032, 1.017101
0.906250, 0.359167, 0.809524, 0.938709
0.896484, 0.366737, 0.793651, 1.144585
0.898438, 0.376909, 0.825397, 0.888091
0.906250, 0.349202, 0.825397, 1.204746
0.886719, 0.404597, 0.825397, 0.805820
0.876953, 0.424635, 0.793651, 1.340276
0.912109, 0.356181, 0.857143, 0.759181
0.902344, 0.358504, 0.777778, 1.415681
0.921875, 0.367057, 0.841270, 0.910966
0.923828, 0.325070, 0.793651, 1.256660
0.892578, 0.380625, 0.698413, 1.307634
0.910156, 0.342491, 0.777778, 1.096711
0.908203, 0.356904, 0.650794, 1.245218
0.910156, 0.331393, 0.777778, 1.013943
0.919922, 0.328802, 0.761905, 0.929569
0.921875, 0.323841, 0.761905, 0.976212
0.923828, 0.339762, 0.793651, 0.802327
0.914062, 0.328469, 0.777778, 0.931085
0.919922, 0.341358, 0.873016, 0.799332
0.902344, 0.356652, 0.761905, 0.915421
0.914062, 0.338981, 0.809524, 0.773216
0.921875, 0.317534, 0.809524, 0.861602
0.896484, 0.363421, 0.841270, 0.780870
0.900391, 0.356879, 0.809524, 0.918796
0.904297, 0.375751, 0.825397, 0.729489
0.908203, 0.313827, 0.809524, 0.947243
0.900391, 0.354332, 0.809524, 0.700389
0.908203, 0.337465, 0.825397, 0.993339
0.896484, 0.363052, 0.634921, 1.173428
0.929688, 0.310300, 0.793651, 0.991024
0.919922, 0.314107, 0.650794, 0.955756
0.919922, 0.309880, 0.809524, 1.001659
0.914062, 0.331430, 0.682540, 1.195737
0.910156, 0.330000, 0.809524, 0.979677
0.908203, 0.361936, 0.587302, 1.670115
0.925781, 0.305091, 0.825397, 0.935321
0.906250, 0.333331, 0.587302, 1.214760
0.912109, 0.305226, 0.746032, 0.958849
0.916016, 0.328942, 0.746032, 0.946323
0.896484, 0.359598, 0.761905, 0.871329
0.917969, 0.299950, 0.825397, 0.770765
0.933594, 0.280375, 0.825397, 0.847939
0.916016, 0.319576, 0.825397, 0.744242
0.914062, 0.312582, 0.825397, 0.886343
0.933594, 0.305277, 0.841270, 0.752225
0.914062, 0.322611, 0.825397, 0.901282
0.908203, 0.329108, 0.746032, 0.911015
0.896484, 0.348747, 0.825397, 1.051705
0.927734, 0.312367, 0.793651, 0.917547
0.908203, 0.314295, 0.793651, 1.053088
0.902344, 0.339685, 0.809524, 1.103830
0.912109, 0.319736, 0.809524, 1.103759
0.917969, 0.308556, 0.841270, 1.323116
0.910156, 0.315389, 0.809524, 1.242111
0.921875, 0.313196, 0.841270, 0.996014
0.925781, 0.308991, 0.825397, 1.201833
0.941406, 0.293251, 0.793651, 0.980220
0.917969, 0.287744, 0.825397, 1.022856
0.888672, 0.349920, 0.777778, 0.911974
0.880859, 0.345692, 0.825397, 0.946672
0.912109, 0.295530, 0.809524, 0.983220
0.933594, 0.292779, 0.634921, 1.422928
0.912109, 0.299567, 0.809524, 0.966553
0.908203, 0.340861, 0.761905, 0.976017
0.914062, 0.309463, 0.809524, 1.047144
0.914062, 0.365210, 0.650794, 1.341725
0.908203, 0.330641, 0.793651, 1.233562
0.908203, 0.337615, 0.682540, 1.269954
0.904297, 0.336988, 0.777778, 1.112099
0.917969, 0.353479, 0.682540, 1.350788
0.908203, 0.320954, 0.666667, 1.187143
0.933594, 0.315456, 0.714286, 1.229261
0.875000, 0.426411, 0.761905, 1.274738
0.902344, 0.351883, 0.761905, 1.135119
0.898438, 0.364269, 0.777778, 1.770377
0.884766, 0.379101, 0.777778, 1.088886
0.910156, 0.325231, 0.809524, 1.463464
0.898438, 0.357124, 0.793651, 1.017488
0.910156, 0.333338, 0.777778, 1.755871
0.898438, 0.337740, 0.777778, 1.491513
0.902344, 0.358622, 0.809524, 0.965976
0.910156, 0.334714, 0.761905, 1.214018
0.904297, 0.406057, 0.809524, 0.965992
0.916016, 0.319545, 0.793651, 1.181830
0.912109, 0.320194, 0.777778, 1.133879
0.916016, 0.326356, 0.777778, 1.100211
0.896484, 0.362171, 0.793651, 1.161087
0.914062, 0.320886, 0.793651, 1.105867
0.935547, 0.280243, 0.777778, 1.187622
0.896484, 0.366106, 0.793651, 1.065037
0.894531, 0.351574, 0.777778, 1.177512
0.902344, 0.369080, 0.793651, 1.034897
0.900391, 0.361885, 0.793651, 0.981807
0.929688, 0.306245, 0.539683, 1.762601
0.880859, 0.370136, 0.793651, 1.017611
0.908203, 0.346047, 0.587302, 1.596125
0.910156, 0.321505, 0.825397, 1.030179
0.912109, 0.345552, 0.619048, 1.398291
0.919922, 0.334509, 0.809524, 1.028170
0.906250, 0.332761, 0.650794, 1.199581
0.925781, 0.297678, 0.793651, 0.897276
0.910156, 0.335744, 0.730159, 1.082562
0.912109, 0.329631, 0.746032, 0.984276
0.902344, 0.329666, 0.746032, 1.008207
0.900391, 0.341892, 0.777778, 0.958885
0.912109, 0.336792, 0.698413, 1.068995
0.931641, 0.302412, 0.825397, 0.867032
0.929688, 0.294010, 0.761905, 1.067718
0.927734, 0.314107, 0.746032, 1.044221
0.919922, 0.313341, 0.825397, 0.840274
0.890625, 0.368578, 0.777778, 1.042315
0.900391, 0.344092, 0.825397, 0.809496
0.916016, 0.320234, 0.777778, 1.023299
0.925781, 0.306823, 0.793651, 0.920907
0.898438, 0.337424, 0.761905, 0.996531
0.908203, 0.343899, 0.777778, 0.888879
0.927734, 0.304001, 0.777778, 0.995122
0.892578, 0.374845, 0.777778, 0.893655
0.898438, 0.356857, 0.809524, 1.010501
0.921875, 0.318973, 0.793651, 0.848697
0.917969, 0.313120, 0.809524, 1.003392
0.910156, 0.343173, 0.777778, 0.930596
0.912109, 0.309973, 0.793651, 1.011958
0.929688, 0.304356, 0.777778, 0.947574
0.896484, 0.329629, 0.793651, 0.989636
0.927734, 0.300856, 0.761905, 0.943556
0.919922, 0.292401, 0.793651, 1.000207
0.935547, 0.283899, 0.825397, 0.829714
0.917969, 0.303440, 0.809524, 1.007188
0.933594, 0.355965, 0.888889, 0.733124
0.908203, 0.311320, 0.809524, 1.017722
0.902344, 0.335625, 0.873016, 0.841429
0.917969, 0.314516, 0.793651, 1.001249
0.925781, 0.303948, 0.873016, 1.011419
0.904297, 0.317776, 0.777778, 0.993292
0.916016, 0.311147, 0.857143, 1.025591
0.906250, 0.319976, 0.777778, 0.993686
0.910156, 0.310078, 0.857143, 0.990023
0.906250, 0.307950, 0.809524, 0.955117
0.917969, 0.314453, 0.857143, 0.936216
0.917969, 0.313560, 0.825397, 0.968565
0.898438, 0.356126, 0.857143, 0.900197
0.884766, 0.389547, 0.793651, 1.125113
0.914062, 0.326374, 0.825397, 0.929567
0.935547, 0.269209, 0.793651, 1.149139
0.945312, 0.264671, 0.825397, 0.901896
0.914062, 0.302945, 0.793651, 1.127909
0.908203, 0.321120, 0.825397, 0.849412
0.912109, 0.302269, 0.793651, 1.123279
0.917969, 0.293030, 0.841270, 0.826397
0.910156, 0.319345, 0.793651, 1.162034
0.919922, 0.309007, 0.825397, 0.779685
0.933594, 0.290606, 0.777778, 1.103631
0.894531, 0.328196, 0.809524, 0.864468
0.916016, 0.321854, 0.777778, 1.079228
0.910156, 0.315641, 0.777778, 0.922739
0.908203, 0.305142, 0.793651, 1.053844
0.925781, 0.289477, 0.777778, 1.031067
0.908203, 0.310264, 0.793651, 1.014594
0.912109, 0.313799, 0.841270, 1.021152
0.921875, 0.297019, 0.761905, 1.013684
0.921875, 0.297875, 0.841270, 1.025808
0.906250, 0.313890, 0.777778, 1.003778
0.914062, 0.301393, 0.841270, 0.966839
0.917969, 0.296668, 0.809524, 0.898588
0.917969, 0.306964, 0.777778, 1.231011
0.919922, 0.304114, 0.809524, 0.840564
0.896484, 0.361803, 0.777778, 1.193868
0.914062, 0.322581, 0.841270, 0.848353
0.894531, 0.342479, 0.746032, 1.211999
0.925781, 0.293388, 0.841270, 0.846430
0.896484, 0.341307, 0.746032, 1.162722
0.900391, 0.332863, 0.761905, 1.146433
0.927734, 0.281381, 0.857143, 0.831230
0.904297, 0.332396, 0.761905, 1.166064
0.892578, 0.337165, 0.857143, 0.846437
0.882812, 0.369494, 0.761905, 1.148174
0.914062, 0.290230, 0.857143, 0.884740
0.912109, 0.319536, 0.777778, 1.110149
0.923828, 0.291352, 0.825397, 0.911749
0.919922, 0.309363, 0.777778, 1.068540
0.925781, 0.295037, 0.825397, 0.885707
0.904297, 0.336040, 0.904762, 0.805535
0.929688, 0.311410, 0.888889, 0.801387
0.921875, 0.295402, 0.857143, 0.773148
